#     Radial coefficients Phi_{h} of D_{h} in the harmonic 
#     expansion of the Coulomb potential divided by r^{\ell}
#     Phi(1) is from \int_{0}^{r} {r\Pr^{\ell} \over r^{\ell+1}} ...
#     Phi(2) is from \int_{r}^{S} {r^{\ell} \over r\Pr^{\ell+1}} ...
#     Phi(out) is from V_{ext}(S)
# type = 0
# h = 0 (l = 0)
@ type xy
 0  262.281603278754  .000001330588624  259.641616476461  2.63998547170445
 1  262.281603245282  .000001397714434  259.641616375863  2.63998547170445
 2  262.281603208048  .000001468197683  259.641616268146  2.63998547170445
 3  262.281603173242  .000001542206999  259.641616159330  2.63998547170445
 4  262.281603129112  .000001619919464  259.641616037488  2.63998547170445
 5  262.281603093749  .000001701521033  259.641615920523  2.63998547170445
 6  262.281603044766  .000001787206982  259.641615785854  2.63998547170445
 7  262.281603001302  .000001877182376  259.641615652415  2.63998547170445
 8  262.281602952693  .000001971662558  259.641615509326  2.63998547170445
 9  262.281602902795  .000002070873666  259.641615360217  2.63998547170445
 10  262.281602848315  .000002175053174  259.641615201557  2.63998547170445
 11  262.281602795398  .000002284450459  259.641615039244  2.63998547170445
 12  262.281602732252  .000002399327402  259.641614861220  2.63998547170445
 13  262.281602676919  .000002519959011  259.641614685256  2.63998547170445
 14  262.281602606968  .000002646634081  259.641614488629  2.63998547170445
 15  262.281602541485  .000002779655887  259.641614290124  2.63998547170445
 16  262.281602469753  .000002919342905  259.641614078705  2.63998547170445
 17  262.281602395575  .000003066029583  259.641613857841  2.63998547170445
 18  262.281602315597  .000003220067131  259.641613623826  2.63998547170445
 19  262.281602235906  .000003381824371  259.641613382378  2.63998547170445
&
# h = 1 (l = 2)
@ type xy
 0 -.001321320420770  .000000000000000 -.000000000000005 -.001321320420765
 1 -.001321320420770  .000000000000000 -.000000000000005 -.001321320420765
 2 -.001321320420770  .000000000000000 -.000000000000005 -.001321320420765
 3 -.001321320420770  .000000000000000 -.000000000000005 -.001321320420765
 4 -.001321320420770  .000000000000000 -.000000000000005 -.001321320420765
 5 -.001321320420770  .000000000000000 -.000000000000005 -.001321320420765
 6 -.001321320420770  .000000000000000 -.000000000000005 -.001321320420765
 7 -.001321320420770  .000000000000000 -.000000000000005 -.001321320420765
 8 -.001321320420770  .000000000000000 -.000000000000005 -.001321320420765
 9 -.001321320420770  .000000000000000 -.000000000000005 -.001321320420765
 10 -.001321320420770  .000000000000000 -.000000000000005 -.001321320420765
 11 -.001321320420770  .000000000000000 -.000000000000005 -.001321320420765
 12 -.001321320420770  .000000000000000 -.000000000000005 -.001321320420765
 13 -.001321320420770  .000000000000000 -.000000000000005 -.001321320420765
 14 -.001321320420770  .000000000000000 -.000000000000005 -.001321320420765
 15 -.001321320420770  .000000000000000 -.000000000000005 -.001321320420765
 16 -.001321320420770  .000000000000000 -.000000000000005 -.001321320420765
 17 -.001321320420770  .000000000000000 -.000000000000005 -.001321320420765
 18 -.001321320420770  .000000000000000 -.000000000000005 -.001321320420765
 19 -.001321320420770  .000000000000000 -.000000000000005 -.001321320420765
&
# h = 2 (l = 4)
@ type xy
 0 -.028071789155234  .000000000000000  .000000000000000 -.028071789155234
 1 -.028071789155234  .000000000000000  .000000000000000 -.028071789155234
 2 -.028071789155234  .000000000000000  .000000000000000 -.028071789155234
 3 -.028071789155234  .000000000000000  .000000000000000 -.028071789155234
 4 -.028071789155234  .000000000000000  .000000000000000 -.028071789155234
 5 -.028071789155234  .000000000000000  .000000000000000 -.028071789155234
 6 -.028071789155234  .000000000000000  .000000000000000 -.028071789155234
 7 -.028071789155234  .000000000000000  .000000000000000 -.028071789155234
 8 -.028071789155234  .000000000000000  .000000000000000 -.028071789155234
 9 -.028071789155234  .000000000000000  .000000000000000 -.028071789155234
 10 -.028071789155234  .000000000000000  .000000000000000 -.028071789155234
 11 -.028071789155234  .000000000000000  .000000000000000 -.028071789155234
 12 -.028071789155234  .000000000000000  .000000000000000 -.028071789155234
 13 -.028071789155234  .000000000000000  .000000000000000 -.028071789155234
 14 -.028071789155234  .000000000000000  .000000000000000 -.028071789155234
 15 -.028071789155234  .000000000000000  .000000000000000 -.028071789155234
 16 -.028071789155234  .000000000000000  .000000000000000 -.028071789155234
 17 -.028071789155234  .000000000000000  .000000000000000 -.028071789155234
 18 -.028071789155234  .000000000000000  .000000000000000 -.028071789155234
 19 -.028071789155234  .000000000000000  .000000000000000 -.028071789155234
&
# h = 3 (l = 4)
@ type xy
 0  .016461461865375  .000000000000000  .000000000000000  .016461461865375
 1  .016461461865375  .000000000000000  .000000000000000  .016461461865375
 2  .016461461865375  .000000000000000  .000000000000000  .016461461865375
 3  .016461461865375  .000000000000000  .000000000000000  .016461461865375
 4  .016461461865375  .000000000000000  .000000000000000  .016461461865375
 5  .016461461865375  .000000000000000  .000000000000000  .016461461865375
 6  .016461461865375  .000000000000000  .000000000000000  .016461461865375
 7  .016461461865375  .000000000000000  .000000000000000  .016461461865375
 8  .016461461865375  .000000000000000  .000000000000000  .016461461865375
 9  .016461461865375  .000000000000000  .000000000000000  .016461461865375
 10  .016461461865375  .000000000000000  .000000000000000  .016461461865375
 11  .016461461865375  .000000000000000  .000000000000000  .016461461865375
 12  .016461461865375  .000000000000000  .000000000000000  .016461461865375
 13  .016461461865375  .000000000000000  .000000000000000  .016461461865375
 14  .016461461865375  .000000000000000  .000000000000000  .016461461865375
 15  .016461461865375  .000000000000000  .000000000000000  .016461461865375
 16  .016461461865375  .000000000000000  .000000000000000  .016461461865375
 17  .016461461865375  .000000000000000  .000000000000000  .016461461865375
 18  .016461461865375  .000000000000000  .000000000000000  .016461461865375
 19  .016461461865375  .000000000000000  .000000000000000  .016461461865375
&
# h = 4 (l = 6)
@ type xy
 0  .006429236082325  .000000000000000  .000000000000000  .006429236082325
 1  .006429236082325  .000000000000000  .000000000000000  .006429236082325
 2  .006429236082325  .000000000000000  .000000000000000  .006429236082325
 3  .006429236082325  .000000000000000  .000000000000000  .006429236082325
 4  .006429236082325  .000000000000000  .000000000000000  .006429236082325
 5  .006429236082325  .000000000000000  .000000000000000  .006429236082325
 6  .006429236082325  .000000000000000  .000000000000000  .006429236082325
 7  .006429236082325  .000000000000000  .000000000000000  .006429236082325
 8  .006429236082325  .000000000000000  .000000000000000  .006429236082325
 9  .006429236082325  .000000000000000  .000000000000000  .006429236082325
 10  .006429236082325  .000000000000000  .000000000000000  .006429236082325
 11  .006429236082325  .000000000000000  .000000000000000  .006429236082325
 12  .006429236082325  .000000000000000  .000000000000000  .006429236082325
 13  .006429236082325  .000000000000000  .000000000000000  .006429236082325
 14  .006429236082325  .000000000000000  .000000000000000  .006429236082325
 15  .006429236082325  .000000000000000  .000000000000000  .006429236082325
 16  .006429236082325  .000000000000000  .000000000000000  .006429236082325
 17  .006429236082325  .000000000000000  .000000000000000  .006429236082325
 18  .006429236082325  .000000000000000  .000000000000000  .006429236082325
 19  .006429236082325  .000000000000000  .000000000000000  .006429236082325
&
# h = 5 (l = 6)
@ type xy
 0 -.006063939415826  .000000000000000  .000000000000000 -.006063939415826
 1 -.006063939415826  .000000000000000  .000000000000000 -.006063939415826
 2 -.006063939415826  .000000000000000  .000000000000000 -.006063939415826
 3 -.006063939415826  .000000000000000  .000000000000000 -.006063939415826
 4 -.006063939415826  .000000000000000  .000000000000000 -.006063939415826
 5 -.006063939415826  .000000000000000  .000000000000000 -.006063939415826
 6 -.006063939415826  .000000000000000  .000000000000000 -.006063939415826
 7 -.006063939415826  .000000000000000  .000000000000000 -.006063939415826
 8 -.006063939415826  .000000000000000  .000000000000000 -.006063939415826
 9 -.006063939415826  .000000000000000  .000000000000000 -.006063939415826
 10 -.006063939415826  .000000000000000  .000000000000000 -.006063939415826
 11 -.006063939415826  .000000000000000  .000000000000000 -.006063939415826
 12 -.006063939415826  .000000000000000  .000000000000000 -.006063939415826
 13 -.006063939415826  .000000000000000  .000000000000000 -.006063939415826
 14 -.006063939415826  .000000000000000  .000000000000000 -.006063939415826
 15 -.006063939415826  .000000000000000  .000000000000000 -.006063939415826
 16 -.006063939415826  .000000000000000  .000000000000000 -.006063939415826
 17 -.006063939415826  .000000000000000  .000000000000000 -.006063939415826
 18 -.006063939415826  .000000000000000  .000000000000000 -.006063939415826
 19 -.006063939415826  .000000000000000  .000000000000000 -.006063939415826
&
# h = 6 (l = 6)
@ type xy
 0 -.007208112822972  .000000000000000  .000000000000000 -.007208112822972
 1 -.007208112822972  .000000000000000  .000000000000000 -.007208112822972
 2 -.007208112822972  .000000000000000  .000000000000000 -.007208112822972
 3 -.007208112822972  .000000000000000  .000000000000000 -.007208112822972
 4 -.007208112822972  .000000000000000  .000000000000000 -.007208112822972
 5 -.007208112822972  .000000000000000  .000000000000000 -.007208112822972
 6 -.007208112822972  .000000000000000  .000000000000000 -.007208112822972
 7 -.007208112822972  .000000000000000  .000000000000000 -.007208112822972
 8 -.007208112822972  .000000000000000  .000000000000000 -.007208112822972
 9 -.007208112822972  .000000000000000  .000000000000000 -.007208112822972
 10 -.007208112822972  .000000000000000  .000000000000000 -.007208112822972
 11 -.007208112822972  .000000000000000  .000000000000000 -.007208112822972
 12 -.007208112822972  .000000000000000  .000000000000000 -.007208112822972
 13 -.007208112822972  .000000000000000  .000000000000000 -.007208112822972
 14 -.007208112822972  .000000000000000  .000000000000000 -.007208112822972
 15 -.007208112822972  .000000000000000  .000000000000000 -.007208112822972
 16 -.007208112822972  .000000000000000  .000000000000000 -.007208112822972
 17 -.007208112822972  .000000000000000  .000000000000000 -.007208112822972
 18 -.007208112822972  .000000000000000  .000000000000000 -.007208112822972
 19 -.007208112822972  .000000000000000  .000000000000000 -.007208112822972
&
# h = 7 (l = 8)
@ type xy
 0  .015999524518468  .000000000000000  .000000000000000  .015999524518468
 1  .015999524518468  .000000000000000  .000000000000000  .015999524518468
 2  .015999524518468  .000000000000000  .000000000000000  .015999524518468
 3  .015999524518468  .000000000000000  .000000000000000  .015999524518468
 4  .015999524518468  .000000000000000  .000000000000000  .015999524518468
 5  .015999524518468  .000000000000000  .000000000000000  .015999524518468
 6  .015999524518468  .000000000000000  .000000000000000  .015999524518468
 7  .015999524518468  .000000000000000  .000000000000000  .015999524518468
 8  .015999524518468  .000000000000000  .000000000000000  .015999524518468
 9  .015999524518468  .000000000000000  .000000000000000  .015999524518468
 10  .015999524518468  .000000000000000  .000000000000000  .015999524518468
 11  .015999524518468  .000000000000000  .000000000000000  .015999524518468
 12  .015999524518468  .000000000000000  .000000000000000  .015999524518468
 13  .015999524518468  .000000000000000  .000000000000000  .015999524518468
 14  .015999524518468  .000000000000000  .000000000000000  .015999524518468
 15  .015999524518468  .000000000000000  .000000000000000  .015999524518468
 16  .015999524518468  .000000000000000  .000000000000000  .015999524518468
 17  .015999524518468  .000000000000000  .000000000000000  .015999524518468
 18  .015999524518468  .000000000000000  .000000000000000  .015999524518468
 19  .015999524518468  .000000000000000  .000000000000000  .015999524518468
&
# h = 8 (l = 8)
@ type xy
 0  .013160731553844  .000000000000000  .000000000000000  .013160731553844
 1  .013160731553844  .000000000000000  .000000000000000  .013160731553844
 2  .013160731553844  .000000000000000  .000000000000000  .013160731553844
 3  .013160731553844  .000000000000000  .000000000000000  .013160731553844
 4  .013160731553844  .000000000000000  .000000000000000  .013160731553844
 5  .013160731553844  .000000000000000  .000000000000000  .013160731553844
 6  .013160731553844  .000000000000000  .000000000000000  .013160731553844
 7  .013160731553844  .000000000000000  .000000000000000  .013160731553844
 8  .013160731553844  .000000000000000  .000000000000000  .013160731553844
 9  .013160731553844  .000000000000000  .000000000000000  .013160731553844
 10  .013160731553844  .000000000000000  .000000000000000  .013160731553844
 11  .013160731553844  .000000000000000  .000000000000000  .013160731553844
 12  .013160731553844  .000000000000000  .000000000000000  .013160731553844
 13  .013160731553844  .000000000000000  .000000000000000  .013160731553844
 14  .013160731553844  .000000000000000  .000000000000000  .013160731553844
 15  .013160731553844  .000000000000000  .000000000000000  .013160731553844
 16  .013160731553844  .000000000000000  .000000000000000  .013160731553844
 17  .013160731553844  .000000000000000  .000000000000000  .013160731553844
 18  .013160731553844  .000000000000000  .000000000000000  .013160731553844
 19  .013160731553844  .000000000000000  .000000000000000  .013160731553844
&
# h = 9 (l = 8)
@ type xy
 0 -.004526797634800  .000000000000000  .000000000000000 -.004526797634800
 1 -.004526797634800  .000000000000000  .000000000000000 -.004526797634800
 2 -.004526797634800  .000000000000000  .000000000000000 -.004526797634800
 3 -.004526797634800  .000000000000000  .000000000000000 -.004526797634800
 4 -.004526797634800  .000000000000000  .000000000000000 -.004526797634800
 5 -.004526797634800  .000000000000000  .000000000000000 -.004526797634800
 6 -.004526797634800  .000000000000000  .000000000000000 -.004526797634800
 7 -.004526797634800  .000000000000000  .000000000000000 -.004526797634800
 8 -.004526797634800  .000000000000000  .000000000000000 -.004526797634800
 9 -.004526797634800  .000000000000000  .000000000000000 -.004526797634800
 10 -.004526797634800  .000000000000000  .000000000000000 -.004526797634800
 11 -.004526797634800  .000000000000000  .000000000000000 -.004526797634800
 12 -.004526797634800  .000000000000000  .000000000000000 -.004526797634800
 13 -.004526797634800  .000000000000000  .000000000000000 -.004526797634800
 14 -.004526797634800  .000000000000000  .000000000000000 -.004526797634800
 15 -.004526797634800  .000000000000000  .000000000000000 -.004526797634800
 16 -.004526797634800  .000000000000000  .000000000000000 -.004526797634800
 17 -.004526797634800  .000000000000000  .000000000000000 -.004526797634800
 18 -.004526797634800  .000000000000000  .000000000000000 -.004526797634800
 19 -.004526797634800  .000000000000000  .000000000000000 -.004526797634800
&
# type = 1
# h = 0 (l = 0)
@ type xy
 0  262.281603278774  .000001330588624  259.641616476482  2.63998547170305
 1  262.281603245301  .000001397714434  259.641616375884  2.63998547170305
 2  262.281603208068  .000001468197683  259.641616268167  2.63998547170305
 3  262.281603173261  .000001542206999  259.641616159351  2.63998547170305
 4  262.281603129131  .000001619919464  259.641616037509  2.63998547170305
 5  262.281603093768  .000001701521033  259.641615920544  2.63998547170305
 6  262.281603044785  .000001787206982  259.641615785875  2.63998547170305
 7  262.281603001322  .000001877182376  259.641615652436  2.63998547170305
 8  262.281602952712  .000001971662558  259.641615509347  2.63998547170305
 9  262.281602902815  .000002070873666  259.641615360238  2.63998547170305
 10  262.281602848335  .000002175053174  259.641615201578  2.63998547170305
 11  262.281602795418  .000002284450459  259.641615039264  2.63998547170305
 12  262.281602732271  .000002399327402  259.641614861241  2.63998547170305
 13  262.281602676939  .000002519959011  259.641614685277  2.63998547170305
 14  262.281602606987  .000002646634081  259.641614488650  2.63998547170305
 15  262.281602541504  .000002779655887  259.641614290145  2.63998547170305
 16  262.281602469772  .000002919342905  259.641614078726  2.63998547170305
 17  262.281602395594  .000003066029583  259.641613857862  2.63998547170305
 18  262.281602315617  .000003220067131  259.641613623847  2.63998547170305
 19  262.281602235926  .000003381824371  259.641613382398  2.63998547170305
&
# h = 1 (l = 2)
@ type xy
 0 -.001321320422651  .000000000000000 -.000000000000005 -.001321320422646
 1 -.001321320422651  .000000000000000 -.000000000000005 -.001321320422646
 2 -.001321320422651  .000000000000000 -.000000000000005 -.001321320422646
 3 -.001321320422651  .000000000000000 -.000000000000005 -.001321320422646
 4 -.001321320422651  .000000000000000 -.000000000000005 -.001321320422646
 5 -.001321320422651  .000000000000000 -.000000000000005 -.001321320422646
 6 -.001321320422651  .000000000000000 -.000000000000005 -.001321320422646
 7 -.001321320422651  .000000000000000 -.000000000000005 -.001321320422646
 8 -.001321320422651  .000000000000000 -.000000000000005 -.001321320422646
 9 -.001321320422651  .000000000000000 -.000000000000005 -.001321320422646
 10 -.001321320422651  .000000000000000 -.000000000000005 -.001321320422646
 11 -.001321320422651  .000000000000000 -.000000000000005 -.001321320422646
 12 -.001321320422651  .000000000000000 -.000000000000005 -.001321320422646
 13 -.001321320422651  .000000000000000 -.000000000000005 -.001321320422646
 14 -.001321320422651  .000000000000000 -.000000000000005 -.001321320422646
 15 -.001321320422651  .000000000000000 -.000000000000005 -.001321320422646
 16 -.001321320422651  .000000000000000 -.000000000000005 -.001321320422646
 17 -.001321320422651  .000000000000000 -.000000000000005 -.001321320422646
 18 -.001321320422651  .000000000000000 -.000000000000005 -.001321320422646
 19 -.001321320422651  .000000000000000 -.000000000000005 -.001321320422646
&
# h = 2 (l = 4)
@ type xy
 0 -.028071789155026  .000000000000000  .000000000000000 -.028071789155026
 1 -.028071789155026  .000000000000000  .000000000000000 -.028071789155026
 2 -.028071789155026  .000000000000000  .000000000000000 -.028071789155026
 3 -.028071789155026  .000000000000000  .000000000000000 -.028071789155026
 4 -.028071789155026  .000000000000000  .000000000000000 -.028071789155026
 5 -.028071789155026  .000000000000000  .000000000000000 -.028071789155026
 6 -.028071789155026  .000000000000000  .000000000000000 -.028071789155026
 7 -.028071789155026  .000000000000000  .000000000000000 -.028071789155026
 8 -.028071789155026  .000000000000000  .000000000000000 -.028071789155026
 9 -.028071789155026  .000000000000000  .000000000000000 -.028071789155026
 10 -.028071789155026  .000000000000000  .000000000000000 -.028071789155026
 11 -.028071789155026  .000000000000000  .000000000000000 -.028071789155026
 12 -.028071789155026  .000000000000000  .000000000000000 -.028071789155026
 13 -.028071789155026  .000000000000000  .000000000000000 -.028071789155026
 14 -.028071789155026  .000000000000000  .000000000000000 -.028071789155026
 15 -.028071789155026  .000000000000000  .000000000000000 -.028071789155026
 16 -.028071789155026  .000000000000000  .000000000000000 -.028071789155026
 17 -.028071789155026  .000000000000000  .000000000000000 -.028071789155026
 18 -.028071789155026  .000000000000000  .000000000000000 -.028071789155026
 19 -.028071789155026  .000000000000000  .000000000000000 -.028071789155026
&
# h = 3 (l = 4)
@ type xy
 0  .016461461865474  .000000000000000  .000000000000000  .016461461865474
 1  .016461461865474  .000000000000000  .000000000000000  .016461461865474
 2  .016461461865474  .000000000000000  .000000000000000  .016461461865474
 3  .016461461865474  .000000000000000  .000000000000000  .016461461865474
 4  .016461461865474  .000000000000000  .000000000000000  .016461461865474
 5  .016461461865474  .000000000000000  .000000000000000  .016461461865474
 6  .016461461865474  .000000000000000  .000000000000000  .016461461865474
 7  .016461461865474  .000000000000000  .000000000000000  .016461461865474
 8  .016461461865474  .000000000000000  .000000000000000  .016461461865474
 9  .016461461865474  .000000000000000  .000000000000000  .016461461865474
 10  .016461461865474  .000000000000000  .000000000000000  .016461461865474
 11  .016461461865474  .000000000000000  .000000000000000  .016461461865474
 12  .016461461865474  .000000000000000  .000000000000000  .016461461865474
 13  .016461461865474  .000000000000000  .000000000000000  .016461461865474
 14  .016461461865474  .000000000000000  .000000000000000  .016461461865474
 15  .016461461865474  .000000000000000  .000000000000000  .016461461865474
 16  .016461461865474  .000000000000000  .000000000000000  .016461461865474
 17  .016461461865474  .000000000000000  .000000000000000  .016461461865474
 18  .016461461865474  .000000000000000  .000000000000000  .016461461865474
 19  .016461461865474  .000000000000000  .000000000000000  .016461461865474
&
# h = 4 (l = 6)
@ type xy
 0  .006429236082333  .000000000000000  .000000000000000  .006429236082333
 1  .006429236082333  .000000000000000  .000000000000000  .006429236082333
 2  .006429236082333  .000000000000000  .000000000000000  .006429236082333
 3  .006429236082333  .000000000000000  .000000000000000  .006429236082333
 4  .006429236082333  .000000000000000  .000000000000000  .006429236082333
 5  .006429236082333  .000000000000000  .000000000000000  .006429236082333
 6  .006429236082333  .000000000000000  .000000000000000  .006429236082333
 7  .006429236082333  .000000000000000  .000000000000000  .006429236082333
 8  .006429236082333  .000000000000000  .000000000000000  .006429236082333
 9  .006429236082333  .000000000000000  .000000000000000  .006429236082333
 10  .006429236082333  .000000000000000  .000000000000000  .006429236082333
 11  .006429236082333  .000000000000000  .000000000000000  .006429236082333
 12  .006429236082333  .000000000000000  .000000000000000  .006429236082333
 13  .006429236082333  .000000000000000  .000000000000000  .006429236082333
 14  .006429236082333  .000000000000000  .000000000000000  .006429236082333
 15  .006429236082333  .000000000000000  .000000000000000  .006429236082333
 16  .006429236082333  .000000000000000  .000000000000000  .006429236082333
 17  .006429236082333  .000000000000000  .000000000000000  .006429236082333
 18  .006429236082333  .000000000000000  .000000000000000  .006429236082333
 19  .006429236082333  .000000000000000  .000000000000000  .006429236082333
&
# h = 5 (l = 6)
@ type xy
 0 -.006063939415837  .000000000000000  .000000000000000 -.006063939415837
 1 -.006063939415837  .000000000000000  .000000000000000 -.006063939415837
 2 -.006063939415837  .000000000000000  .000000000000000 -.006063939415837
 3 -.006063939415837  .000000000000000  .000000000000000 -.006063939415837
 4 -.006063939415837  .000000000000000  .000000000000000 -.006063939415837
 5 -.006063939415837  .000000000000000  .000000000000000 -.006063939415837
 6 -.006063939415837  .000000000000000  .000000000000000 -.006063939415837
 7 -.006063939415837  .000000000000000  .000000000000000 -.006063939415837
 8 -.006063939415837  .000000000000000  .000000000000000 -.006063939415837
 9 -.006063939415837  .000000000000000  .000000000000000 -.006063939415837
 10 -.006063939415837  .000000000000000  .000000000000000 -.006063939415837
 11 -.006063939415837  .000000000000000  .000000000000000 -.006063939415837
 12 -.006063939415837  .000000000000000  .000000000000000 -.006063939415837
 13 -.006063939415837  .000000000000000  .000000000000000 -.006063939415837
 14 -.006063939415837  .000000000000000  .000000000000000 -.006063939415837
 15 -.006063939415837  .000000000000000  .000000000000000 -.006063939415837
 16 -.006063939415837  .000000000000000  .000000000000000 -.006063939415837
 17 -.006063939415837  .000000000000000  .000000000000000 -.006063939415837
 18 -.006063939415837  .000000000000000  .000000000000000 -.006063939415837
 19 -.006063939415837  .000000000000000  .000000000000000 -.006063939415837
&
# h = 6 (l = 6)
@ type xy
 0 -.007208112822953  .000000000000000  .000000000000000 -.007208112822953
 1 -.007208112822953  .000000000000000  .000000000000000 -.007208112822953
 2 -.007208112822953  .000000000000000  .000000000000000 -.007208112822953
 3 -.007208112822953  .000000000000000  .000000000000000 -.007208112822953
 4 -.007208112822953  .000000000000000  .000000000000000 -.007208112822953
 5 -.007208112822953  .000000000000000  .000000000000000 -.007208112822953
 6 -.007208112822953  .000000000000000  .000000000000000 -.007208112822953
 7 -.007208112822953  .000000000000000  .000000000000000 -.007208112822953
 8 -.007208112822953  .000000000000000  .000000000000000 -.007208112822953
 9 -.007208112822953  .000000000000000  .000000000000000 -.007208112822953
 10 -.007208112822953  .000000000000000  .000000000000000 -.007208112822953
 11 -.007208112822953  .000000000000000  .000000000000000 -.007208112822953
 12 -.007208112822953  .000000000000000  .000000000000000 -.007208112822953
 13 -.007208112822953  .000000000000000  .000000000000000 -.007208112822953
 14 -.007208112822953  .000000000000000  .000000000000000 -.007208112822953
 15 -.007208112822953  .000000000000000  .000000000000000 -.007208112822953
 16 -.007208112822953  .000000000000000  .000000000000000 -.007208112822953
 17 -.007208112822953  .000000000000000  .000000000000000 -.007208112822953
 18 -.007208112822953  .000000000000000  .000000000000000 -.007208112822953
 19 -.007208112822953  .000000000000000  .000000000000000 -.007208112822953
&
# h = 7 (l = 8)
@ type xy
 0  .015999524518465  .000000000000000  .000000000000000  .015999524518465
 1  .015999524518465  .000000000000000  .000000000000000  .015999524518465
 2  .015999524518465  .000000000000000  .000000000000000  .015999524518465
 3  .015999524518465  .000000000000000  .000000000000000  .015999524518465
 4  .015999524518465  .000000000000000  .000000000000000  .015999524518465
 5  .015999524518465  .000000000000000  .000000000000000  .015999524518465
 6  .015999524518465  .000000000000000  .000000000000000  .015999524518465
 7  .015999524518465  .000000000000000  .000000000000000  .015999524518465
 8  .015999524518465  .000000000000000  .000000000000000  .015999524518465
 9  .015999524518465  .000000000000000  .000000000000000  .015999524518465
 10  .015999524518465  .000000000000000  .000000000000000  .015999524518465
 11  .015999524518465  .000000000000000  .000000000000000  .015999524518465
 12  .015999524518465  .000000000000000  .000000000000000  .015999524518465
 13  .015999524518465  .000000000000000  .000000000000000  .015999524518465
 14  .015999524518465  .000000000000000  .000000000000000  .015999524518465
 15  .015999524518465  .000000000000000  .000000000000000  .015999524518465
 16  .015999524518465  .000000000000000  .000000000000000  .015999524518465
 17  .015999524518465  .000000000000000  .000000000000000  .015999524518465
 18  .015999524518465  .000000000000000  .000000000000000  .015999524518465
 19  .015999524518465  .000000000000000  .000000000000000  .015999524518465
&
# h = 8 (l = 8)
@ type xy
 0  .013160731553845  .000000000000000  .000000000000000  .013160731553845
 1  .013160731553845  .000000000000000  .000000000000000  .013160731553845
 2  .013160731553845  .000000000000000  .000000000000000  .013160731553845
 3  .013160731553845  .000000000000000  .000000000000000  .013160731553845
 4  .013160731553845  .000000000000000  .000000000000000  .013160731553845
 5  .013160731553845  .000000000000000  .000000000000000  .013160731553845
 6  .013160731553845  .000000000000000  .000000000000000  .013160731553845
 7  .013160731553845  .000000000000000  .000000000000000  .013160731553845
 8  .013160731553845  .000000000000000  .000000000000000  .013160731553845
 9  .013160731553845  .000000000000000  .000000000000000  .013160731553845
 10  .013160731553845  .000000000000000  .000000000000000  .013160731553845
 11  .013160731553845  .000000000000000  .000000000000000  .013160731553845
 12  .013160731553845  .000000000000000  .000000000000000  .013160731553845
 13  .013160731553845  .000000000000000  .000000000000000  .013160731553845
 14  .013160731553845  .000000000000000  .000000000000000  .013160731553845
 15  .013160731553845  .000000000000000  .000000000000000  .013160731553845
 16  .013160731553845  .000000000000000  .000000000000000  .013160731553845
 17  .013160731553845  .000000000000000  .000000000000000  .013160731553845
 18  .013160731553845  .000000000000000  .000000000000000  .013160731553845
 19  .013160731553845  .000000000000000  .000000000000000  .013160731553845
&
# h = 9 (l = 8)
@ type xy
 0 -.004526797634802  .000000000000000  .000000000000000 -.004526797634802
 1 -.004526797634802  .000000000000000  .000000000000000 -.004526797634802
 2 -.004526797634802  .000000000000000  .000000000000000 -.004526797634802
 3 -.004526797634802  .000000000000000  .000000000000000 -.004526797634802
 4 -.004526797634802  .000000000000000  .000000000000000 -.004526797634802
 5 -.004526797634802  .000000000000000  .000000000000000 -.004526797634802
 6 -.004526797634802  .000000000000000  .000000000000000 -.004526797634802
 7 -.004526797634802  .000000000000000  .000000000000000 -.004526797634802
 8 -.004526797634802  .000000000000000  .000000000000000 -.004526797634802
 9 -.004526797634802  .000000000000000  .000000000000000 -.004526797634802
 10 -.004526797634802  .000000000000000  .000000000000000 -.004526797634802
 11 -.004526797634802  .000000000000000  .000000000000000 -.004526797634802
 12 -.004526797634802  .000000000000000  .000000000000000 -.004526797634802
 13 -.004526797634802  .000000000000000  .000000000000000 -.004526797634802
 14 -.004526797634802  .000000000000000  .000000000000000 -.004526797634802
 15 -.004526797634802  .000000000000000  .000000000000000 -.004526797634802
 16 -.004526797634802  .000000000000000  .000000000000000 -.004526797634802
 17 -.004526797634802  .000000000000000  .000000000000000 -.004526797634802
 18 -.004526797634802  .000000000000000  .000000000000000 -.004526797634802
 19 -.004526797634802  .000000000000000  .000000000000000 -.004526797634802
&
# type = 2
# h = 0 (l = 0)
@ type xy
 0  45.9828819973467  .000000335063121  44.4176519136067  1.56522974867684
 1  45.9828819887595  .000000352219016  44.4176518878636  1.56522974867684
 2  45.9828819797302  .000000370252681  44.4176518608006  1.56522974867684
 3  45.9828819702406  .000000389209041  44.4176518323547  1.56522974867684
 4  45.9828819602628  .000000409135316  44.4176518024506  1.56522974867684
 5  45.9828819497825  .000000430081145  44.4176517710246  1.56522974867684
 6  45.9828819387215  .000000452098706  44.4176517379460  1.56522974867684
 7  45.9828819271624  .000000475242846  44.4176517032427  1.56522974867684
 8  45.9828819149749  .000000499571219  44.4176516667268  1.56522974867684
 9  45.9828819021707  .000000525144428  44.4176516283494  1.56522974867684
 10  45.9828818887085  .000000552026177  44.4176515880055  1.56522974867684
 11  45.9828818745593  .000000580283432  44.4176515455990  1.56522974867684
 12  45.9828818596834  .000000609986580  44.4176515010200  1.56522974867684
 13  45.9828818440545  .000000641209615  44.4176514541681  1.56522974867684
 14  45.9828818275813  .000000674030314  44.4176514048742  1.56522974867684
 15  45.9828818103332  .000000708530432  44.4176513531259  1.56522974867684
 16  45.9828817921655  .000000744795909  44.4176512986928  1.56522974867684
 17  45.9828817730751  .000000782917082  44.4176512414812  1.56522974867684
 18  45.9828817530051  .000000822988909  44.4176511813394  1.56522974867684
 19  45.9828817319100  .000000865111206  44.4176511181220  1.56522974867684
&
# h = 1 (l = 1)
@ type xy
 0  .000000000002000  .000000000000000  .000000000000000  .000000000002000
 1  .000000000002000  .000000000000000  .000000000000000  .000000000002000
 2  .000000000002000  .000000000000000  .000000000000000  .000000000002000
 3  .000000000002000  .000000000000000  .000000000000000  .000000000002000
 4  .000000000002000  .000000000000000  .000000000000000  .000000000002000
 5  .000000000002000  .000000000000000  .000000000000000  .000000000002000
 6  .000000000002000  .000000000000000  .000000000000000  .000000000002000
 7  .000000000002000  .000000000000000  .000000000000000  .000000000002000
 8  .000000000002000  .000000000000000  .000000000000000  .000000000002000
 9  .000000000002000  .000000000000000  .000000000000000  .000000000002000
 10  .000000000002000  .000000000000000  .000000000000000  .000000000002000
 11  .000000000002000  .000000000000000  .000000000000000  .000000000002000
 12  .000000000002000  .000000000000000  .000000000000000  .000000000002000
 13  .000000000002000  .000000000000000  .000000000000000  .000000000002000
 14  .000000000002000  .000000000000000  .000000000000000  .000000000002000
 15  .000000000002000  .000000000000000  .000000000000000  .000000000002000
 16  .000000000002000  .000000000000000  .000000000000000  .000000000002000
 17  .000000000002000  .000000000000000  .000000000000000  .000000000002000
 18  .000000000002000  .000000000000000  .000000000000000  .000000000002000
 19  .000000000002000  .000000000000000  .000000000000000  .000000000002000
&
# h = 2 (l = 2)
@ type xy
 0  .000014282452599  .000000000000000  .000000000002154  .000014282450445
 1  .000014282452599  .000000000000000  .000000000002154  .000014282450445
 2  .000014282452599  .000000000000000  .000000000002154  .000014282450445
 3  .000014282452599  .000000000000000  .000000000002154  .000014282450445
 4  .000014282452599  .000000000000000  .000000000002154  .000014282450445
 5  .000014282452599  .000000000000000  .000000000002154  .000014282450445
 6  .000014282452599  .000000000000000  .000000000002154  .000014282450445
 7  .000014282452599  .000000000000000  .000000000002154  .000014282450445
 8  .000014282452599  .000000000000000  .000000000002154  .000014282450445
 9  .000014282452599  .000000000000000  .000000000002154  .000014282450445
 10  .000014282452599  .000000000000000  .000000000002154  .000014282450445
 11  .000014282452599  .000000000000000  .000000000002154  .000014282450445
 12  .000014282452599  .000000000000000  .000000000002154  .000014282450445
 13  .000014282452599  .000000000000000  .000000000002154  .000014282450445
 14  .000014282452599  .000000000000000  .000000000002154  .000014282450445
 15  .000014282452599  .000000000000000  .000000000002154  .000014282450445
 16  .000014282452599  .000000000000000  .000000000002154  .000014282450445
 17  .000014282452599  .000000000000000  .000000000002154  .000014282450445
 18  .000014282452599  .000000000000000  .000000000002154  .000014282450445
 19  .000014282452599  .000000000000000  .000000000002154  .000014282450445
&
# h = 3 (l = 3)
@ type xy
 0  .000000000000206  .000000000000000  .000000000000000  .000000000000206
 1  .000000000000206  .000000000000000  .000000000000000  .000000000000206
 2  .000000000000206  .000000000000000  .000000000000000  .000000000000206
 3  .000000000000206  .000000000000000  .000000000000000  .000000000000206
 4  .000000000000206  .000000000000000  .000000000000000  .000000000000206
 5  .000000000000206  .000000000000000  .000000000000000  .000000000000206
 6  .000000000000206  .000000000000000  .000000000000000  .000000000000206
 7  .000000000000206  .000000000000000  .000000000000000  .000000000000206
 8  .000000000000206  .000000000000000  .000000000000000  .000000000000206
 9  .000000000000206  .000000000000000  .000000000000000  .000000000000206
 10  .000000000000206  .000000000000000  .000000000000000  .000000000000206
 11  .000000000000206  .000000000000000  .000000000000000  .000000000000206
 12  .000000000000206  .000000000000000  .000000000000000  .000000000000206
 13  .000000000000206  .000000000000000  .000000000000000  .000000000000206
 14  .000000000000206  .000000000000000  .000000000000000  .000000000000206
 15  .000000000000206  .000000000000000  .000000000000000  .000000000000206
 16  .000000000000206  .000000000000000  .000000000000000  .000000000000206
 17  .000000000000206  .000000000000000  .000000000000000  .000000000000206
 18  .000000000000206  .000000000000000  .000000000000000  .000000000000206
 19  .000000000000206  .000000000000000  .000000000000000  .000000000000206
&
# h = 4 (l = 3)
@ type xy
 0 -.000000000000336  .000000000000000  .000000000000000 -.000000000000336
 1 -.000000000000336  .000000000000000  .000000000000000 -.000000000000336
 2 -.000000000000336  .000000000000000  .000000000000000 -.000000000000336
 3 -.000000000000336  .000000000000000  .000000000000000 -.000000000000336
 4 -.000000000000336  .000000000000000  .000000000000000 -.000000000000336
 5 -.000000000000336  .000000000000000  .000000000000000 -.000000000000336
 6 -.000000000000336  .000000000000000  .000000000000000 -.000000000000336
 7 -.000000000000336  .000000000000000  .000000000000000 -.000000000000336
 8 -.000000000000336  .000000000000000  .000000000000000 -.000000000000336
 9 -.000000000000336  .000000000000000  .000000000000000 -.000000000000336
 10 -.000000000000336  .000000000000000  .000000000000000 -.000000000000336
 11 -.000000000000336  .000000000000000  .000000000000000 -.000000000000336
 12 -.000000000000336  .000000000000000  .000000000000000 -.000000000000336
 13 -.000000000000336  .000000000000000  .000000000000000 -.000000000000336
 14 -.000000000000336  .000000000000000  .000000000000000 -.000000000000336
 15 -.000000000000336  .000000000000000  .000000000000000 -.000000000000336
 16 -.000000000000336  .000000000000000  .000000000000000 -.000000000000336
 17 -.000000000000336  .000000000000000  .000000000000000 -.000000000000336
 18 -.000000000000336  .000000000000000  .000000000000000 -.000000000000336
 19 -.000000000000336  .000000000000000  .000000000000000 -.000000000000336
&
# h = 5 (l = 4)
@ type xy
 0 -.174467585363560  .000000000000000  .000000000000000 -.174467585363560
 1 -.174467585363560  .000000000000000  .000000000000000 -.174467585363560
 2 -.174467585363560  .000000000000000  .000000000000000 -.174467585363560
 3 -.174467585363560  .000000000000000  .000000000000000 -.174467585363560
 4 -.174467585363560  .000000000000000  .000000000000000 -.174467585363560
 5 -.174467585363560  .000000000000000  .000000000000000 -.174467585363560
 6 -.174467585363560  .000000000000000  .000000000000000 -.174467585363560
 7 -.174467585363560  .000000000000000  .000000000000000 -.174467585363560
 8 -.174467585363560  .000000000000000  .000000000000000 -.174467585363560
 9 -.174467585363560  .000000000000000  .000000000000000 -.174467585363560
 10 -.174467585363560  .000000000000000  .000000000000000 -.174467585363560
 11 -.174467585363560  .000000000000000  .000000000000000 -.174467585363560
 12 -.174467585363560  .000000000000000  .000000000000000 -.174467585363560
 13 -.174467585363560  .000000000000000  .000000000000000 -.174467585363560
 14 -.174467585363560  .000000000000000  .000000000000000 -.174467585363560
 15 -.174467585363560  .000000000000000  .000000000000000 -.174467585363560
 16 -.174467585363560  .000000000000000  .000000000000000 -.174467585363560
 17 -.174467585363560  .000000000000000  .000000000000000 -.174467585363560
 18 -.174467585363560  .000000000000000  .000000000000000 -.174467585363560
 19 -.174467585363560  .000000000000000  .000000000000000 -.174467585363560
&
# h = 6 (l = 4)
@ type xy
 0  .102917241929831  .000000000000000  .000000000000000  .102917241929831
 1  .102917241929831  .000000000000000  .000000000000000  .102917241929831
 2  .102917241929831  .000000000000000  .000000000000000  .102917241929831
 3  .102917241929831  .000000000000000  .000000000000000  .102917241929831
 4  .102917241929831  .000000000000000  .000000000000000  .102917241929831
 5  .102917241929831  .000000000000000  .000000000000000  .102917241929831
 6  .102917241929831  .000000000000000  .000000000000000  .102917241929831
 7  .102917241929831  .000000000000000  .000000000000000  .102917241929831
 8  .102917241929831  .000000000000000  .000000000000000  .102917241929831
 9  .102917241929831  .000000000000000  .000000000000000  .102917241929831
 10  .102917241929831  .000000000000000  .000000000000000  .102917241929831
 11  .102917241929831  .000000000000000  .000000000000000  .102917241929831
 12  .102917241929831  .000000000000000  .000000000000000  .102917241929831
 13  .102917241929831  .000000000000000  .000000000000000  .102917241929831
 14  .102917241929831  .000000000000000  .000000000000000  .102917241929831
 15  .102917241929831  .000000000000000  .000000000000000  .102917241929831
 16  .102917241929831  .000000000000000  .000000000000000  .102917241929831
 17  .102917241929831  .000000000000000  .000000000000000  .102917241929831
 18  .102917241929831  .000000000000000  .000000000000000  .102917241929831
 19  .102917241929831  .000000000000000  .000000000000000  .102917241929831
&
# h = 7 (l = 5)
@ type xy
 0  .000000000000079  .000000000000000  .000000000000000  .000000000000079
 1  .000000000000079  .000000000000000  .000000000000000  .000000000000079
 2  .000000000000079  .000000000000000  .000000000000000  .000000000000079
 3  .000000000000079  .000000000000000  .000000000000000  .000000000000079
 4  .000000000000079  .000000000000000  .000000000000000  .000000000000079
 5  .000000000000079  .000000000000000  .000000000000000  .000000000000079
 6  .000000000000079  .000000000000000  .000000000000000  .000000000000079
 7  .000000000000079  .000000000000000  .000000000000000  .000000000000079
 8  .000000000000079  .000000000000000  .000000000000000  .000000000000079
 9  .000000000000079  .000000000000000  .000000000000000  .000000000000079
 10  .000000000000079  .000000000000000  .000000000000000  .000000000000079
 11  .000000000000079  .000000000000000  .000000000000000  .000000000000079
 12  .000000000000079  .000000000000000  .000000000000000  .000000000000079
 13  .000000000000079  .000000000000000  .000000000000000  .000000000000079
 14  .000000000000079  .000000000000000  .000000000000000  .000000000000079
 15  .000000000000079  .000000000000000  .000000000000000  .000000000000079
 16  .000000000000079  .000000000000000  .000000000000000  .000000000000079
 17  .000000000000079  .000000000000000  .000000000000000  .000000000000079
 18  .000000000000079  .000000000000000  .000000000000000  .000000000000079
 19  .000000000000079  .000000000000000  .000000000000000  .000000000000079
&
# h = 8 (l = 5)
@ type xy
 0 -.000000000000023  .000000000000000  .000000000000000 -.000000000000023
 1 -.000000000000023  .000000000000000  .000000000000000 -.000000000000023
 2 -.000000000000023  .000000000000000  .000000000000000 -.000000000000023
 3 -.000000000000023  .000000000000000  .000000000000000 -.000000000000023
 4 -.000000000000023  .000000000000000  .000000000000000 -.000000000000023
 5 -.000000000000023  .000000000000000  .000000000000000 -.000000000000023
 6 -.000000000000023  .000000000000000  .000000000000000 -.000000000000023
 7 -.000000000000023  .000000000000000  .000000000000000 -.000000000000023
 8 -.000000000000023  .000000000000000  .000000000000000 -.000000000000023
 9 -.000000000000023  .000000000000000  .000000000000000 -.000000000000023
 10 -.000000000000023  .000000000000000  .000000000000000 -.000000000000023
 11 -.000000000000023  .000000000000000  .000000000000000 -.000000000000023
 12 -.000000000000023  .000000000000000  .000000000000000 -.000000000000023
 13 -.000000000000023  .000000000000000  .000000000000000 -.000000000000023
 14 -.000000000000023  .000000000000000  .000000000000000 -.000000000000023
 15 -.000000000000023  .000000000000000  .000000000000000 -.000000000000023
 16 -.000000000000023  .000000000000000  .000000000000000 -.000000000000023
 17 -.000000000000023  .000000000000000  .000000000000000 -.000000000000023
 18 -.000000000000023  .000000000000000  .000000000000000 -.000000000000023
 19 -.000000000000023  .000000000000000  .000000000000000 -.000000000000023
&
# h = 9 (l = 6)
@ type xy
 0  .015418590046010  .000000000000000  .000000000000000  .015418590046010
 1  .015418590046010  .000000000000000  .000000000000000  .015418590046010
 2  .015418590046010  .000000000000000  .000000000000000  .015418590046010
 3  .015418590046010  .000000000000000  .000000000000000  .015418590046010
 4  .015418590046010  .000000000000000  .000000000000000  .015418590046010
 5  .015418590046010  .000000000000000  .000000000000000  .015418590046010
 6  .015418590046010  .000000000000000  .000000000000000  .015418590046010
 7  .015418590046010  .000000000000000  .000000000000000  .015418590046010
 8  .015418590046010  .000000000000000  .000000000000000  .015418590046010
 9  .015418590046010  .000000000000000  .000000000000000  .015418590046010
 10  .015418590046010  .000000000000000  .000000000000000  .015418590046010
 11  .015418590046010  .000000000000000  .000000000000000  .015418590046010
 12  .015418590046010  .000000000000000  .000000000000000  .015418590046010
 13  .015418590046010  .000000000000000  .000000000000000  .015418590046010
 14  .015418590046010  .000000000000000  .000000000000000  .015418590046010
 15  .015418590046010  .000000000000000  .000000000000000  .015418590046010
 16  .015418590046010  .000000000000000  .000000000000000  .015418590046010
 17  .015418590046010  .000000000000000  .000000000000000  .015418590046010
 18  .015418590046010  .000000000000000  .000000000000000  .015418590046010
 19  .015418590046010  .000000000000000  .000000000000000  .015418590046010
&
# h = 10 (l = 6)
@ type xy
 0 -.014540155716239  .000000000000000  .000000000000000 -.014540155716239
 1 -.014540155716239  .000000000000000  .000000000000000 -.014540155716239
 2 -.014540155716239  .000000000000000  .000000000000000 -.014540155716239
 3 -.014540155716239  .000000000000000  .000000000000000 -.014540155716239
 4 -.014540155716239  .000000000000000  .000000000000000 -.014540155716239
 5 -.014540155716239  .000000000000000  .000000000000000 -.014540155716239
 6 -.014540155716239  .000000000000000  .000000000000000 -.014540155716239
 7 -.014540155716239  .000000000000000  .000000000000000 -.014540155716239
 8 -.014540155716239  .000000000000000  .000000000000000 -.014540155716239
 9 -.014540155716239  .000000000000000  .000000000000000 -.014540155716239
 10 -.014540155716239  .000000000000000  .000000000000000 -.014540155716239
 11 -.014540155716239  .000000000000000  .000000000000000 -.014540155716239
 12 -.014540155716239  .000000000000000  .000000000000000 -.014540155716239
 13 -.014540155716239  .000000000000000  .000000000000000 -.014540155716239
 14 -.014540155716239  .000000000000000  .000000000000000 -.014540155716239
 15 -.014540155716239  .000000000000000  .000000000000000 -.014540155716239
 16 -.014540155716239  .000000000000000  .000000000000000 -.014540155716239
 17 -.014540155716239  .000000000000000  .000000000000000 -.014540155716239
 18 -.014540155716239  .000000000000000  .000000000000000 -.014540155716239
 19 -.014540155716239  .000000000000000  .000000000000000 -.014540155716239
&
# h = 11 (l = 6)
@ type xy
 0 -.017202011263881  .000000000000000  .000000000000000 -.017202011263881
 1 -.017202011263881  .000000000000000  .000000000000000 -.017202011263881
 2 -.017202011263881  .000000000000000  .000000000000000 -.017202011263881
 3 -.017202011263881  .000000000000000  .000000000000000 -.017202011263881
 4 -.017202011263881  .000000000000000  .000000000000000 -.017202011263881
 5 -.017202011263881  .000000000000000  .000000000000000 -.017202011263881
 6 -.017202011263881  .000000000000000  .000000000000000 -.017202011263881
 7 -.017202011263881  .000000000000000  .000000000000000 -.017202011263881
 8 -.017202011263881  .000000000000000  .000000000000000 -.017202011263881
 9 -.017202011263881  .000000000000000  .000000000000000 -.017202011263881
 10 -.017202011263881  .000000000000000  .000000000000000 -.017202011263881
 11 -.017202011263881  .000000000000000  .000000000000000 -.017202011263881
 12 -.017202011263881  .000000000000000  .000000000000000 -.017202011263881
 13 -.017202011263881  .000000000000000  .000000000000000 -.017202011263881
 14 -.017202011263881  .000000000000000  .000000000000000 -.017202011263881
 15 -.017202011263881  .000000000000000  .000000000000000 -.017202011263881
 16 -.017202011263881  .000000000000000  .000000000000000 -.017202011263881
 17 -.017202011263881  .000000000000000  .000000000000000 -.017202011263881
 18 -.017202011263881  .000000000000000  .000000000000000 -.017202011263881
 19 -.017202011263881  .000000000000000  .000000000000000 -.017202011263881
&
# h = 12 (l = 7)
@ type xy
 0 -.000000000000012  .000000000000000  .000000000000000 -.000000000000012
 1 -.000000000000012  .000000000000000  .000000000000000 -.000000000000012
 2 -.000000000000012  .000000000000000  .000000000000000 -.000000000000012
 3 -.000000000000012  .000000000000000  .000000000000000 -.000000000000012
 4 -.000000000000012  .000000000000000  .000000000000000 -.000000000000012
 5 -.000000000000012  .000000000000000  .000000000000000 -.000000000000012
 6 -.000000000000012  .000000000000000  .000000000000000 -.000000000000012
 7 -.000000000000012  .000000000000000  .000000000000000 -.000000000000012
 8 -.000000000000012  .000000000000000  .000000000000000 -.000000000000012
 9 -.000000000000012  .000000000000000  .000000000000000 -.000000000000012
 10 -.000000000000012  .000000000000000  .000000000000000 -.000000000000012
 11 -.000000000000012  .000000000000000  .000000000000000 -.000000000000012
 12 -.000000000000012  .000000000000000  .000000000000000 -.000000000000012
 13 -.000000000000012  .000000000000000  .000000000000000 -.000000000000012
 14 -.000000000000012  .000000000000000  .000000000000000 -.000000000000012
 15 -.000000000000012  .000000000000000  .000000000000000 -.000000000000012
 16 -.000000000000012  .000000000000000  .000000000000000 -.000000000000012
 17 -.000000000000012  .000000000000000  .000000000000000 -.000000000000012
 18 -.000000000000012  .000000000000000  .000000000000000 -.000000000000012
 19 -.000000000000012  .000000000000000  .000000000000000 -.000000000000012
&
# h = 13 (l = 7)
@ type xy
 0 -.000000000000007  .000000000000000  .000000000000000 -.000000000000007
 1 -.000000000000007  .000000000000000  .000000000000000 -.000000000000007
 2 -.000000000000007  .000000000000000  .000000000000000 -.000000000000007
 3 -.000000000000007  .000000000000000  .000000000000000 -.000000000000007
 4 -.000000000000007  .000000000000000  .000000000000000 -.000000000000007
 5 -.000000000000007  .000000000000000  .000000000000000 -.000000000000007
 6 -.000000000000007  .000000000000000  .000000000000000 -.000000000000007
 7 -.000000000000007  .000000000000000  .000000000000000 -.000000000000007
 8 -.000000000000007  .000000000000000  .000000000000000 -.000000000000007
 9 -.000000000000007  .000000000000000  .000000000000000 -.000000000000007
 10 -.000000000000007  .000000000000000  .000000000000000 -.000000000000007
 11 -.000000000000007  .000000000000000  .000000000000000 -.000000000000007
 12 -.000000000000007  .000000000000000  .000000000000000 -.000000000000007
 13 -.000000000000007  .000000000000000  .000000000000000 -.000000000000007
 14 -.000000000000007  .000000000000000  .000000000000000 -.000000000000007
 15 -.000000000000007  .000000000000000  .000000000000000 -.000000000000007
 16 -.000000000000007  .000000000000000  .000000000000000 -.000000000000007
 17 -.000000000000007  .000000000000000  .000000000000000 -.000000000000007
 18 -.000000000000007  .000000000000000  .000000000000000 -.000000000000007
 19 -.000000000000007  .000000000000000  .000000000000000 -.000000000000007
&
# h = 14 (l = 7)
@ type xy
 0  .000000000000009  .000000000000000  .000000000000000  .000000000000009
 1  .000000000000009  .000000000000000  .000000000000000  .000000000000009
 2  .000000000000009  .000000000000000  .000000000000000  .000000000000009
 3  .000000000000009  .000000000000000  .000000000000000  .000000000000009
 4  .000000000000009  .000000000000000  .000000000000000  .000000000000009
 5  .000000000000009  .000000000000000  .000000000000000  .000000000000009
 6  .000000000000009  .000000000000000  .000000000000000  .000000000000009
 7  .000000000000009  .000000000000000  .000000000000000  .000000000000009
 8  .000000000000009  .000000000000000  .000000000000000  .000000000000009
 9  .000000000000009  .000000000000000  .000000000000000  .000000000000009
 10  .000000000000009  .000000000000000  .000000000000000  .000000000000009
 11  .000000000000009  .000000000000000  .000000000000000  .000000000000009
 12  .000000000000009  .000000000000000  .000000000000000  .000000000000009
 13  .000000000000009  .000000000000000  .000000000000000  .000000000000009
 14  .000000000000009  .000000000000000  .000000000000000  .000000000000009
 15  .000000000000009  .000000000000000  .000000000000000  .000000000000009
 16  .000000000000009  .000000000000000  .000000000000000  .000000000000009
 17  .000000000000009  .000000000000000  .000000000000000  .000000000000009
 18  .000000000000009  .000000000000000  .000000000000000  .000000000000009
 19  .000000000000009  .000000000000000  .000000000000000  .000000000000009
&
# h = 15 (l = 8)
@ type xy
 0  .010336949220895  .000000000000000  .000000000000000  .010336949220895
 1  .010336949220895  .000000000000000  .000000000000000  .010336949220895
 2  .010336949220895  .000000000000000  .000000000000000  .010336949220895
 3  .010336949220895  .000000000000000  .000000000000000  .010336949220895
 4  .010336949220895  .000000000000000  .000000000000000  .010336949220895
 5  .010336949220895  .000000000000000  .000000000000000  .010336949220895
 6  .010336949220895  .000000000000000  .000000000000000  .010336949220895
 7  .010336949220895  .000000000000000  .000000000000000  .010336949220895
 8  .010336949220895  .000000000000000  .000000000000000  .010336949220895
 9  .010336949220895  .000000000000000  .000000000000000  .010336949220895
 10  .010336949220895  .000000000000000  .000000000000000  .010336949220895
 11  .010336949220895  .000000000000000  .000000000000000  .010336949220895
 12  .010336949220895  .000000000000000  .000000000000000  .010336949220895
 13  .010336949220895  .000000000000000  .000000000000000  .010336949220895
 14  .010336949220895  .000000000000000  .000000000000000  .010336949220895
 15  .010336949220895  .000000000000000  .000000000000000  .010336949220895
 16  .010336949220895  .000000000000000  .000000000000000  .010336949220895
 17  .010336949220895  .000000000000000  .000000000000000  .010336949220895
 18  .010336949220895  .000000000000000  .000000000000000  .010336949220895
 19  .010336949220895  .000000000000000  .000000000000000  .010336949220895
&
# h = 16 (l = 8)
@ type xy
 0  .008423990619681  .000000000000000  .000000000000000  .008423990619681
 1  .008423990619681  .000000000000000  .000000000000000  .008423990619681
 2  .008423990619681  .000000000000000  .000000000000000  .008423990619681
 3  .008423990619681  .000000000000000  .000000000000000  .008423990619681
 4  .008423990619681  .000000000000000  .000000000000000  .008423990619681
 5  .008423990619681  .000000000000000  .000000000000000  .008423990619681
 6  .008423990619681  .000000000000000  .000000000000000  .008423990619681
 7  .008423990619681  .000000000000000  .000000000000000  .008423990619681
 8  .008423990619681  .000000000000000  .000000000000000  .008423990619681
 9  .008423990619681  .000000000000000  .000000000000000  .008423990619681
 10  .008423990619681  .000000000000000  .000000000000000  .008423990619681
 11  .008423990619681  .000000000000000  .000000000000000  .008423990619681
 12  .008423990619681  .000000000000000  .000000000000000  .008423990619681
 13  .008423990619681  .000000000000000  .000000000000000  .008423990619681
 14  .008423990619681  .000000000000000  .000000000000000  .008423990619681
 15  .008423990619681  .000000000000000  .000000000000000  .008423990619681
 16  .008423990619681  .000000000000000  .000000000000000  .008423990619681
 17  .008423990619681  .000000000000000  .000000000000000  .008423990619681
 18  .008423990619681  .000000000000000  .000000000000000  .008423990619681
 19  .008423990619681  .000000000000000  .000000000000000  .008423990619681
&
# h = 17 (l = 8)
@ type xy
 0 -.002833992417138  .000000000000000  .000000000000000 -.002833992417138
 1 -.002833992417138  .000000000000000  .000000000000000 -.002833992417138
 2 -.002833992417138  .000000000000000  .000000000000000 -.002833992417138
 3 -.002833992417138  .000000000000000  .000000000000000 -.002833992417138
 4 -.002833992417138  .000000000000000  .000000000000000 -.002833992417138
 5 -.002833992417138  .000000000000000  .000000000000000 -.002833992417138
 6 -.002833992417138  .000000000000000  .000000000000000 -.002833992417138
 7 -.002833992417138  .000000000000000  .000000000000000 -.002833992417138
 8 -.002833992417138  .000000000000000  .000000000000000 -.002833992417138
 9 -.002833992417138  .000000000000000  .000000000000000 -.002833992417138
 10 -.002833992417138  .000000000000000  .000000000000000 -.002833992417138
 11 -.002833992417138  .000000000000000  .000000000000000 -.002833992417138
 12 -.002833992417138  .000000000000000  .000000000000000 -.002833992417138
 13 -.002833992417138  .000000000000000  .000000000000000 -.002833992417138
 14 -.002833992417138  .000000000000000  .000000000000000 -.002833992417138
 15 -.002833992417138  .000000000000000  .000000000000000 -.002833992417138
 16 -.002833992417138  .000000000000000  .000000000000000 -.002833992417138
 17 -.002833992417138  .000000000000000  .000000000000000 -.002833992417138
 18 -.002833992417138  .000000000000000  .000000000000000 -.002833992417138
 19 -.002833992417138  .000000000000000  .000000000000000 -.002833992417138
&
