  Type    Harmonic   (l)             Total
     1
                 0     0  262.281603278754
                 1     2 -.001321320420770
                 2     4 -.028071789155234
                 3     4  .016461461865375
                 4     6  .006429236082325
                 5     6 -.006063939415826
                 6     6 -.007208112822972
                 7     8  .015999524518468
                 8     8  .013160731553844
                 9     8 -.004526797634800
     2
                 0     0  262.281603278774
                 1     2 -.001321320422651
                 2     4 -.028071789155026
                 3     4  .016461461865474
                 4     6  .006429236082333
                 5     6 -.006063939415837
                 6     6 -.007208112822953
                 7     8  .015999524518465
                 8     8  .013160731553845
                 9     8 -.004526797634802
     3
                 0     0  45.9828819973467
                 1     1  .000000000002000
                 2     2  .000014282452599
                 3     3  .000000000000206
                 4     3 -.000000000000336
                 5     4 -.174467585363560
                 6     4  .102917241929831
                 7     5  .000000000000079
                 8     5 -.000000000000023
                 9     6  .015418590046010
                10     6 -.014540155716239
                11     6 -.017202011263881
                12     7 -.000000000000012
                13     7 -.000000000000007
                14     7  .000000000000009
                15     8  .010336949220895
                16     8  .008423990619681
                17     8 -.002833992417138
