 energy and charge average matrices
  type  L (e_i|H|e_j)        (e_i|e_j) 
     0  0  .015563125        .103007801
     0  1  .019026641        .104327529
     0  2  1.77501526        3.02485969
     0  3  .002589279        .010069693
     0  4  .000242738        .001819961
     0  5  .000077109        .000436436
     0  6  .000014737        .000104480
     0  7  .000006592        .000026033
     0  8  .000000913        .000005610
     1  0  .011196313        .102580216
     1  1  .013887695        .102343592
     1  2  2.05982317        4.76412414
     1  3  .002366764        .009990944
     1  4  .000308185        .001892636
     1  5  .000068407        .000432394
     1  6  .000019794        .000108323
     1  7  .000005927        .000025488
     1  8  .000001065        .000005728
     2  0 -.533750478        .829985665
     2  1  .590369258        1.94142629
     2  2  .006187315        .010127696
     2  3  .001114734        .002074005
     2  4  .000331580        .000571467
     2  5  .000069725        .000143202
     2  6  .000018497        .000035353
     2  7  .000003941        .000008191
     2  8  .000001012        .000001954
