"Start runs mpprun -np 49 rspt 1.00e-10 99 on n1087,  Mon Nov  1 15:41:30 2021"
  5.23227060e-04 -6372.19490302147  6.37219490e+03
  2.54863900e-04 -6372.24330161663  4.83985952e-02
  1.87249100e-04 -6372.24919385578  5.89223915e-03
  2.35651470e-05 -6372.24997795625  7.84100471e-04
  5.35172360e-06 -6372.25021728863  2.39332379e-04
  2.85527800e-06 -6372.25153807126  1.32078263e-03
  1.55145250e-07 -6372.25257997403  1.04190277e-03
  1.15532580e-07 -6372.25274823631  1.68262281e-04
  5.83924100e-08 -6372.25280092579  5.26894801e-05
  4.64731260e-08 -6372.25281789229  1.69665000e-05
  1.60011650e-09 -6372.25281224002  5.65227037e-06
  7.79295320e-10 -6372.25283208226  1.98422404e-05
  3.44117510e-10 -6372.25283592857  3.84630948e-06
  2.61842570e-10 -6372.25283877828  2.84971065e-06
  2.79355980e-11 -6372.25283722240  1.55588077e-06
