# k(0:nx, 0:ny, 0:nz) <= 60
# nx, ny, nz
 16 16 16
#
     1     2     3     4     5     6     7     8     8     7     6     5
     4     3     2     1     1     2     9    10    11    12    13    14
    15    15    14    13    12    11    10     9     2     2     3    10
    16    17    18    19    20    21    21    20    19    18    17    16
    10     3     3     4    11    17    22    23    24    25    26    26
    25    24    23    22    17    11     4     4     5    12    18    23
    27    28    29    26    26    29    28    27    23    18    12     5
     5     6    13    19    24    28    30    31    21    21    31    30
    28    24    19    13     6     6     7    14    20    25    29    31
    32    15    15    32    31    29    25    20    14     7     7     8
    15    21    26    26    21    15     8     8    15    21    26    26
    21    15     8     8     8    15    21    26    26    21    15     8
     8    15    21    26    26    21    15     8     8     7    14    20
    25    29    31    32    15    15    32    31    29    25    20    14
     7     7     6    13    19    24    28    30    31    21    21    31
    30    28    24    19    13     6     6     5    12    18    23    27
    28    29    26    26    29    28    27    23    18    12     5     5
     4    11    17    22    23    24    25    26    26    25    24    23
    22    17    11     4     4     3    10    16    17    18    19    20
    21    21    20    19    18    17    16    10     3     3     2     9
    10    11    12    13    14    15    15    14    13    12    11    10
     9     2     2     1     2     3     4     5     6     7     8     8
     7     6     5     4     3     2     1     1     1     2     3     4
     5     6     7     8     8     7     6     5     4     3     2     1
     1     2     9    10    11    12    13    14    15    15    14    13
    12    11    10     9     2     2     9    33    34    35    36    37
    38    32    32    38    37    36    35    34    33     9     9    10
    34    39    40    41    42    43    31    31    43    42    41    40
    39    34    10    10    11    35    40    44    45    46    47    29
    29    47    46    45    44    40    35    11    11    12    36    41
    45    48    49    47    25    25    47    49    48    45    41    36
    12    12    13    37    42    46    49    50    43    20    20    43
    50    49    46    42    37    13    13    14    38    43    47    47
    43    38    14    14    38    43    47    47    43    38    14    14
    15    32    31    29    25    20    14     7     7    14    20    25
    29    31    32    15    15    15    32    31    29    25    20    14
     7     7    14    20    25    29    31    32    15    15    14    38
    43    47    47    43    38    14    14    38    43    47    47    43
    38    14    14    13    37    42    46    49    50    43    20    20
    43    50    49    46    42    37    13    13    12    36    41    45
    48    49    47    25    25    47    49    48    45    41    36    12
    12    11    35    40    44    45    46    47    29    29    47    46
    45    44    40    35    11    11    10    34    39    40    41    42
    43    31    31    43    42    41    40    39    34    10    10     9
    33    34    35    36    37    38    32    32    38    37    36    35
    34    33     9     9     2     9    10    11    12    13    14    15
    15    14    13    12    11    10     9     2     2     2     9    10
    11    12    13    14    15    15    14    13    12    11    10     9
     2     2     3    10    16    17    18    19    20    21    21    20
    19    18    17    16    10     3     3    10    34    39    40    41
    42    43    31    31    43    42    41    40    39    34    10    10
    16    39    51    52    53    54    50    30    30    50    54    53
    52    51    39    16    16    17    40    52    55    56    57    49
    28    28    49    57    56    55    52    40    17    17    18    41
    53    56    58    57    46    24    24    46    57    58    56    53
    41    18    18    19    42    54    57    57    54    42    19    19
    42    54    57    57    54    42    19    19    20    43    50    49
    46    42    37    13    13    37    42    46    49    50    43    20
    20    21    31    30    28    24    19    13     6     6    13    19
    24    28    30    31    21    21    21    31    30    28    24    19
    13     6     6    13    19    24    28    30    31    21    21    20
    43    50    49    46    42    37    13    13    37    42    46    49
    50    43    20    20    19    42    54    57    57    54    42    19
    19    42    54    57    57    54    42    19    19    18    41    53
    56    58    57    46    24    24    46    57    58    56    53    41
    18    18    17    40    52    55    56    57    49    28    28    49
    57    56    55    52    40    17    17    16    39    51    52    53
    54    50    30    30    50    54    53    52    51    39    16    16
    10    34    39    40    41    42    43    31    31    43    42    41
    40    39    34    10    10     3    10    16    17    18    19    20
    21    21    20    19    18    17    16    10     3     3     3    10
    16    17    18    19    20    21    21    20    19    18    17    16
    10     3     3     4    11    17    22    23    24    25    26    26
    25    24    23    22    17    11     4     4    11    35    40    44
    45    46    47    29    29    47    46    45    44    40    35    11
    11    17    40    52    55    56    57    49    28    28    49    57
    56    55    52    40    17    17    22    44    55    59    60    58
    48    27    27    48    58    60    59    55    44    22    22    23
    45    56    60    60    56    45    23    23    45    56    60    60
    56    45    23    23    24    46    57    58    56    53    41    18
    18    41    53    56    58    57    46    24    24    25    47    49
    48    45    41    36    12    12    36    41    45    48    49    47
    25    25    26    29    28    27    23    18    12     5     5    12
    18    23    27    28    29    26    26    26    29    28    27    23
    18    12     5     5    12    18    23    27    28    29    26    26
    25    47    49    48    45    41    36    12    12    36    41    45
    48    49    47    25    25    24    46    57    58    56    53    41
    18    18    41    53    56    58    57    46    24    24    23    45
    56    60    60    56    45    23    23    45    56    60    60    56
    45    23    23    22    44    55    59    60    58    48    27    27
    48    58    60    59    55    44    22    22    17    40    52    55
    56    57    49    28    28    49    57    56    55    52    40    17
    17    11    35    40    44    45    46    47    29    29    47    46
    45    44    40    35    11    11     4    11    17    22    23    24
    25    26    26    25    24    23    22    17    11     4     4     4
    11    17    22    23    24    25    26    26    25    24    23    22
    17    11     4     4     5    12    18    23    27    28    29    26
    26    29    28    27    23    18    12     5     5    12    36    41
    45    48    49    47    25    25    47    49    48    45    41    36
    12    12    18    41    53    56    58    57    46    24    24    46
    57    58    56    53    41    18    18    23    45    56    60    60
    56    45    23    23    45    56    60    60    56    45    23    23
    27    48    58    60    59    55    44    22    22    44    55    59
    60    58    48    27    27    28    49    57    56    55    52    40
    17    17    40    52    55    56    57    49    28    28    29    47
    46    45    44    40    35    11    11    35    40    44    45    46
    47    29    29    26    25    24    23    22    17    11     4     4
    11    17    22    23    24    25    26    26    26    25    24    23
    22    17    11     4     4    11    17    22    23    24    25    26
    26    29    47    46    45    44    40    35    11    11    35    40
    44    45    46    47    29    29    28    49    57    56    55    52
    40    17    17    40    52    55    56    57    49    28    28    27
    48    58    60    59    55    44    22    22    44    55    59    60
    58    48    27    27    23    45    56    60    60    56    45    23
    23    45    56    60    60    56    45    23    23    18    41    53
    56    58    57    46    24    24    46    57    58    56    53    41
    18    18    12    36    41    45    48    49    47    25    25    47
    49    48    45    41    36    12    12     5    12    18    23    27
    28    29    26    26    29    28    27    23    18    12     5     5
     5    12    18    23    27    28    29    26    26    29    28    27
    23    18    12     5     5     6    13    19    24    28    30    31
    21    21    31    30    28    24    19    13     6     6    13    37
    42    46    49    50    43    20    20    43    50    49    46    42
    37    13    13    19    42    54    57    57    54    42    19    19
    42    54    57    57    54    42    19    19    24    46    57    58
    56    53    41    18    18    41    53    56    58    57    46    24
    24    28    49    57    56    55    52    40    17    17    40    52
    55    56    57    49    28    28    30    50    54    53    52    51
    39    16    16    39    51    52    53    54    50    30    30    31
    43    42    41    40    39    34    10    10    34    39    40    41
    42    43    31    31    21    20    19    18    17    16    10     3
     3    10    16    17    18    19    20    21    21    21    20    19
    18    17    16    10     3     3    10    16    17    18    19    20
    21    21    31    43    42    41    40    39    34    10    10    34
    39    40    41    42    43    31    31    30    50    54    53    52
    51    39    16    16    39    51    52    53    54    50    30    30
    28    49    57    56    55    52    40    17    17    40    52    55
    56    57    49    28    28    24    46    57    58    56    53    41
    18    18    41    53    56    58    57    46    24    24    19    42
    54    57    57    54    42    19    19    42    54    57    57    54
    42    19    19    13    37    42    46    49    50    43    20    20
    43    50    49    46    42    37    13    13     6    13    19    24
    28    30    31    21    21    31    30    28    24    19    13     6
     6     6    13    19    24    28    30    31    21    21    31    30
    28    24    19    13     6     6     7    14    20    25    29    31
    32    15    15    32    31    29    25    20    14     7     7    14
    38    43    47    47    43    38    14    14    38    43    47    47
    43    38    14    14    20    43    50    49    46    42    37    13
    13    37    42    46    49    50    43    20    20    25    47    49
    48    45    41    36    12    12    36    41    45    48    49    47
    25    25    29    47    46    45    44    40    35    11    11    35
    40    44    45    46    47    29    29    31    43    42    41    40
    39    34    10    10    34    39    40    41    42    43    31    31
    32    38    37    36    35    34    33     9     9    33    34    35
    36    37    38    32    32    15    14    13    12    11    10     9
     2     2     9    10    11    12    13    14    15    15    15    14
    13    12    11    10     9     2     2     9    10    11    12    13
    14    15    15    32    38    37    36    35    34    33     9     9
    33    34    35    36    37    38    32    32    31    43    42    41
    40    39    34    10    10    34    39    40    41    42    43    31
    31    29    47    46    45    44    40    35    11    11    35    40
    44    45    46    47    29    29    25    47    49    48    45    41
    36    12    12    36    41    45    48    49    47    25    25    20
    43    50    49    46    42    37    13    13    37    42    46    49
    50    43    20    20    14    38    43    47    47    43    38    14
    14    38    43    47    47    43    38    14    14     7    14    20
    25    29    31    32    15    15    32    31    29    25    20    14
     7     7     7    14    20    25    29    31    32    15    15    32
    31    29    25    20    14     7     7     8    15    21    26    26
    21    15     8     8    15    21    26    26    21    15     8     8
    15    32    31    29    25    20    14     7     7    14    20    25
    29    31    32    15    15    21    31    30    28    24    19    13
     6     6    13    19    24    28    30    31    21    21    26    29
    28    27    23    18    12     5     5    12    18    23    27    28
    29    26    26    26    25    24    23    22    17    11     4     4
    11    17    22    23    24    25    26    26    21    20    19    18
    17    16    10     3     3    10    16    17    18    19    20    21
    21    15    14    13    12    11    10     9     2     2     9    10
    11    12    13    14    15    15     8     7     6     5     4     3
     2     1     1     2     3     4     5     6     7     8     8     8
     7     6     5     4     3     2     1     1     2     3     4     5
     6     7     8     8    15    14    13    12    11    10     9     2
     2     9    10    11    12    13    14    15    15    21    20    19
    18    17    16    10     3     3    10    16    17    18    19    20
    21    21    26    25    24    23    22    17    11     4     4    11
    17    22    23    24    25    26    26    26    29    28    27    23
    18    12     5     5    12    18    23    27    28    29    26    26
    21    31    30    28    24    19    13     6     6    13    19    24
    28    30    31    21    21    15    32    31    29    25    20    14
     7     7    14    20    25    29    31    32    15    15     8    15
    21    26    26    21    15     8     8    15    21    26    26    21
    15     8     8     8    15    21    26    26    21    15     8     8
    15    21    26    26    21    15     8     8     8    15    21    26
    26    21    15     8     8    15    21    26    26    21    15     8
     8    15    32    31    29    25    20    14     7     7    14    20
    25    29    31    32    15    15    21    31    30    28    24    19
    13     6     6    13    19    24    28    30    31    21    21    26
    29    28    27    23    18    12     5     5    12    18    23    27
    28    29    26    26    26    25    24    23    22    17    11     4
     4    11    17    22    23    24    25    26    26    21    20    19
    18    17    16    10     3     3    10    16    17    18    19    20
    21    21    15    14    13    12    11    10     9     2     2     9
    10    11    12    13    14    15    15     8     7     6     5     4
     3     2     1     1     2     3     4     5     6     7     8     8
     8     7     6     5     4     3     2     1     1     2     3     4
     5     6     7     8     8    15    14    13    12    11    10     9
     2     2     9    10    11    12    13    14    15    15    21    20
    19    18    17    16    10     3     3    10    16    17    18    19
    20    21    21    26    25    24    23    22    17    11     4     4
    11    17    22    23    24    25    26    26    26    29    28    27
    23    18    12     5     5    12    18    23    27    28    29    26
    26    21    31    30    28    24    19    13     6     6    13    19
    24    28    30    31    21    21    15    32    31    29    25    20
    14     7     7    14    20    25    29    31    32    15    15     8
    15    21    26    26    21    15     8     8    15    21    26    26
    21    15     8     8     8    15    21    26    26    21    15     8
     8    15    21    26    26    21    15     8     8     7    14    20
    25    29    31    32    15    15    32    31    29    25    20    14
     7     7    14    38    43    47    47    43    38    14    14    38
    43    47    47    43    38    14    14    20    43    50    49    46
    42    37    13    13    37    42    46    49    50    43    20    20
    25    47    49    48    45    41    36    12    12    36    41    45
    48    49    47    25    25    29    47    46    45    44    40    35
    11    11    35    40    44    45    46    47    29    29    31    43
    42    41    40    39    34    10    10    34    39    40    41    42
    43    31    31    32    38    37    36    35    34    33     9     9
    33    34    35    36    37    38    32    32    15    14    13    12
    11    10     9     2     2     9    10    11    12    13    14    15
    15    15    14    13    12    11    10     9     2     2     9    10
    11    12    13    14    15    15    32    38    37    36    35    34
    33     9     9    33    34    35    36    37    38    32    32    31
    43    42    41    40    39    34    10    10    34    39    40    41
    42    43    31    31    29    47    46    45    44    40    35    11
    11    35    40    44    45    46    47    29    29    25    47    49
    48    45    41    36    12    12    36    41    45    48    49    47
    25    25    20    43    50    49    46    42    37    13    13    37
    42    46    49    50    43    20    20    14    38    43    47    47
    43    38    14    14    38    43    47    47    43    38    14    14
     7    14    20    25    29    31    32    15    15    32    31    29
    25    20    14     7     7     7    14    20    25    29    31    32
    15    15    32    31    29    25    20    14     7     7     6    13
    19    24    28    30    31    21    21    31    30    28    24    19
    13     6     6    13    37    42    46    49    50    43    20    20
    43    50    49    46    42    37    13    13    19    42    54    57
    57    54    42    19    19    42    54    57    57    54    42    19
    19    24    46    57    58    56    53    41    18    18    41    53
    56    58    57    46    24    24    28    49    57    56    55    52
    40    17    17    40    52    55    56    57    49    28    28    30
    50    54    53    52    51    39    16    16    39    51    52    53
    54    50    30    30    31    43    42    41    40    39    34    10
    10    34    39    40    41    42    43    31    31    21    20    19
    18    17    16    10     3     3    10    16    17    18    19    20
    21    21    21    20    19    18    17    16    10     3     3    10
    16    17    18    19    20    21    21    31    43    42    41    40
    39    34    10    10    34    39    40    41    42    43    31    31
    30    50    54    53    52    51    39    16    16    39    51    52
    53    54    50    30    30    28    49    57    56    55    52    40
    17    17    40    52    55    56    57    49    28    28    24    46
    57    58    56    53    41    18    18    41    53    56    58    57
    46    24    24    19    42    54    57    57    54    42    19    19
    42    54    57    57    54    42    19    19    13    37    42    46
    49    50    43    20    20    43    50    49    46    42    37    13
    13     6    13    19    24    28    30    31    21    21    31    30
    28    24    19    13     6     6     6    13    19    24    28    30
    31    21    21    31    30    28    24    19    13     6     6     5
    12    18    23    27    28    29    26    26    29    28    27    23
    18    12     5     5    12    36    41    45    48    49    47    25
    25    47    49    48    45    41    36    12    12    18    41    53
    56    58    57    46    24    24    46    57    58    56    53    41
    18    18    23    45    56    60    60    56    45    23    23    45
    56    60    60    56    45    23    23    27    48    58    60    59
    55    44    22    22    44    55    59    60    58    48    27    27
    28    49    57    56    55    52    40    17    17    40    52    55
    56    57    49    28    28    29    47    46    45    44    40    35
    11    11    35    40    44    45    46    47    29    29    26    25
    24    23    22    17    11     4     4    11    17    22    23    24
    25    26    26    26    25    24    23    22    17    11     4     4
    11    17    22    23    24    25    26    26    29    47    46    45
    44    40    35    11    11    35    40    44    45    46    47    29
    29    28    49    57    56    55    52    40    17    17    40    52
    55    56    57    49    28    28    27    48    58    60    59    55
    44    22    22    44    55    59    60    58    48    27    27    23
    45    56    60    60    56    45    23    23    45    56    60    60
    56    45    23    23    18    41    53    56    58    57    46    24
    24    46    57    58    56    53    41    18    18    12    36    41
    45    48    49    47    25    25    47    49    48    45    41    36
    12    12     5    12    18    23    27    28    29    26    26    29
    28    27    23    18    12     5     5     5    12    18    23    27
    28    29    26    26    29    28    27    23    18    12     5     5
     4    11    17    22    23    24    25    26    26    25    24    23
    22    17    11     4     4    11    35    40    44    45    46    47
    29    29    47    46    45    44    40    35    11    11    17    40
    52    55    56    57    49    28    28    49    57    56    55    52
    40    17    17    22    44    55    59    60    58    48    27    27
    48    58    60    59    55    44    22    22    23    45    56    60
    60    56    45    23    23    45    56    60    60    56    45    23
    23    24    46    57    58    56    53    41    18    18    41    53
    56    58    57    46    24    24    25    47    49    48    45    41
    36    12    12    36    41    45    48    49    47    25    25    26
    29    28    27    23    18    12     5     5    12    18    23    27
    28    29    26    26    26    29    28    27    23    18    12     5
     5    12    18    23    27    28    29    26    26    25    47    49
    48    45    41    36    12    12    36    41    45    48    49    47
    25    25    24    46    57    58    56    53    41    18    18    41
    53    56    58    57    46    24    24    23    45    56    60    60
    56    45    23    23    45    56    60    60    56    45    23    23
    22    44    55    59    60    58    48    27    27    48    58    60
    59    55    44    22    22    17    40    52    55    56    57    49
    28    28    49    57    56    55    52    40    17    17    11    35
    40    44    45    46    47    29    29    47    46    45    44    40
    35    11    11     4    11    17    22    23    24    25    26    26
    25    24    23    22    17    11     4     4     4    11    17    22
    23    24    25    26    26    25    24    23    22    17    11     4
     4     3    10    16    17    18    19    20    21    21    20    19
    18    17    16    10     3     3    10    34    39    40    41    42
    43    31    31    43    42    41    40    39    34    10    10    16
    39    51    52    53    54    50    30    30    50    54    53    52
    51    39    16    16    17    40    52    55    56    57    49    28
    28    49    57    56    55    52    40    17    17    18    41    53
    56    58    57    46    24    24    46    57    58    56    53    41
    18    18    19    42    54    57    57    54    42    19    19    42
    54    57    57    54    42    19    19    20    43    50    49    46
    42    37    13    13    37    42    46    49    50    43    20    20
    21    31    30    28    24    19    13     6     6    13    19    24
    28    30    31    21    21    21    31    30    28    24    19    13
     6     6    13    19    24    28    30    31    21    21    20    43
    50    49    46    42    37    13    13    37    42    46    49    50
    43    20    20    19    42    54    57    57    54    42    19    19
    42    54    57    57    54    42    19    19    18    41    53    56
    58    57    46    24    24    46    57    58    56    53    41    18
    18    17    40    52    55    56    57    49    28    28    49    57
    56    55    52    40    17    17    16    39    51    52    53    54
    50    30    30    50    54    53    52    51    39    16    16    10
    34    39    40    41    42    43    31    31    43    42    41    40
    39    34    10    10     3    10    16    17    18    19    20    21
    21    20    19    18    17    16    10     3     3     3    10    16
    17    18    19    20    21    21    20    19    18    17    16    10
     3     3     2     9    10    11    12    13    14    15    15    14
    13    12    11    10     9     2     2     9    33    34    35    36
    37    38    32    32    38    37    36    35    34    33     9     9
    10    34    39    40    41    42    43    31    31    43    42    41
    40    39    34    10    10    11    35    40    44    45    46    47
    29    29    47    46    45    44    40    35    11    11    12    36
    41    45    48    49    47    25    25    47    49    48    45    41
    36    12    12    13    37    42    46    49    50    43    20    20
    43    50    49    46    42    37    13    13    14    38    43    47
    47    43    38    14    14    38    43    47    47    43    38    14
    14    15    32    31    29    25    20    14     7     7    14    20
    25    29    31    32    15    15    15    32    31    29    25    20
    14     7     7    14    20    25    29    31    32    15    15    14
    38    43    47    47    43    38    14    14    38    43    47    47
    43    38    14    14    13    37    42    46    49    50    43    20
    20    43    50    49    46    42    37    13    13    12    36    41
    45    48    49    47    25    25    47    49    48    45    41    36
    12    12    11    35    40    44    45    46    47    29    29    47
    46    45    44    40    35    11    11    10    34    39    40    41
    42    43    31    31    43    42    41    40    39    34    10    10
     9    33    34    35    36    37    38    32    32    38    37    36
    35    34    33     9     9     2     9    10    11    12    13    14
    15    15    14    13    12    11    10     9     2     2     2     9
    10    11    12    13    14    15    15    14    13    12    11    10
     9     2     2     1     2     3     4     5     6     7     8     8
     7     6     5     4     3     2     1     1     2     9    10    11
    12    13    14    15    15    14    13    12    11    10     9     2
     2     3    10    16    17    18    19    20    21    21    20    19
    18    17    16    10     3     3     4    11    17    22    23    24
    25    26    26    25    24    23    22    17    11     4     4     5
    12    18    23    27    28    29    26    26    29    28    27    23
    18    12     5     5     6    13    19    24    28    30    31    21
    21    31    30    28    24    19    13     6     6     7    14    20
    25    29    31    32    15    15    32    31    29    25    20    14
     7     7     8    15    21    26    26    21    15     8     8    15
    21    26    26    21    15     8     8     8    15    21    26    26
    21    15     8     8    15    21    26    26    21    15     8     8
     7    14    20    25    29    31    32    15    15    32    31    29
    25    20    14     7     7     6    13    19    24    28    30    31
    21    21    31    30    28    24    19    13     6     6     5    12
    18    23    27    28    29    26    26    29    28    27    23    18
    12     5     5     4    11    17    22    23    24    25    26    26
    25    24    23    22    17    11     4     4     3    10    16    17
    18    19    20    21    21    20    19    18    17    16    10     3
     3     2     9    10    11    12    13    14    15    15    14    13
    12    11    10     9     2     2     1     2     3     4     5     6
     7     8     8     7     6     5     4     3     2     1     1     1
     2     3     4     5     6     7     8     8     7     6     5     4
     3     2     1     1     1     2     3     4     5     6     7     8
     8     7     6     5     4     3     2     1     1     2     9    10
    11    12    13    14    15    15    14    13    12    11    10     9
     2     2     3    10    16    17    18    19    20    21    21    20
    19    18    17    16    10     3     3     4    11    17    22    23
    24    25    26    26    25    24    23    22    17    11     4     4
     5    12    18    23    27    28    29    26    26    29    28    27
    23    18    12     5     5     6    13    19    24    28    30    31
    21    21    31    30    28    24    19    13     6     6     7    14
    20    25    29    31    32    15    15    32    31    29    25    20
    14     7     7     8    15    21    26    26    21    15     8     8
    15    21    26    26    21    15     8     8     8    15    21    26
    26    21    15     8     8    15    21    26    26    21    15     8
     8     7    14    20    25    29    31    32    15    15    32    31
    29    25    20    14     7     7     6    13    19    24    28    30
    31    21    21    31    30    28    24    19    13     6     6     5
    12    18    23    27    28    29    26    26    29    28    27    23
    18    12     5     5     4    11    17    22    23    24    25    26
    26    25    24    23    22    17    11     4     4     3    10    16
    17    18    19    20    21    21    20    19    18    17    16    10
     3     3     2     9    10    11    12    13    14    15    15    14
    13    12    11    10     9     2     2     1     2     3     4     5
     6     7     8     8     7     6     5     4     3     2     1     1
     1     2     3     4     5     6     7     8     8     7     6     5
     4     3     2     1     1
