 (i6)
     1
 (2i12)
          60        2048      16 16 16 1 1 1 2 2 2
 (3f18.0, i6)
  .062500000000000  .062500000000000  .062500000000000     8
  .062500000000000  .125000000000000  .125000000000000    24
  .062500000000000  .187500000000000  .187500000000000    24
  .062500000000000  .250000000000000  .250000000000000    24
  .062500000000000  .312500000000000  .312500000000000    24
  .062500000000000  .375000000000000  .375000000000000    24
  .062500000000000  .437500000000000  .437500000000000    24
  .062500000000000  .500000000000000  .500000000000000    24
  .125000000000000  .125000000000000  .187500000000000    24
  .125000000000000  .187500000000000  .250000000000000    48
  .125000000000000  .250000000000000  .312500000000000    48
  .125000000000000  .312500000000000  .375000000000000    48
  .125000000000000  .375000000000000  .437500000000000    48
  .125000000000000  .437500000000000  .500000000000000    48
  .125000000000000  .500000000000000  .562500000000000    48
  .187500000000000  .187500000000000  .312500000000000    24
  .187500000000000  .250000000000000  .375000000000000    48
  .187500000000000  .312500000000000  .437500000000000    48
  .187500000000000  .375000000000000  .500000000000000    48
  .187500000000000  .437500000000000  .562500000000000    48
  .187500000000000  .500000000000000  .625000000000000    48
  .250000000000000  .250000000000000  .437500000000000    24
  .250000000000000  .312500000000000  .500000000000000    48
  .250000000000000  .375000000000000  .562500000000000    48
  .250000000000000  .437500000000000  .625000000000000    48
  .250000000000000  .500000000000000  .687500000000000    48
  .312500000000000  .312500000000000  .562500000000000    24
  .312500000000000  .375000000000000  .625000000000000    48
  .312500000000000  .437500000000000  .687500000000000    48
  .375000000000000  .375000000000000  .687500000000000    24
 -.625000000000000 -.562500000000000 -.250000000000000    48
 -.562500000000000 -.562500000000000 -.187500000000000    24
  .187500000000000  .187500000000000  .187500000000000     8
  .187500000000000  .250000000000000  .250000000000000    24
  .187500000000000  .312500000000000  .312500000000000    24
  .187500000000000  .375000000000000  .375000000000000    24
  .187500000000000  .437500000000000  .437500000000000    24
  .187500000000000  .500000000000000  .500000000000000    24
  .250000000000000  .250000000000000  .312500000000000    24
  .250000000000000  .312500000000000  .375000000000000    48
  .250000000000000  .375000000000000  .437500000000000    48
  .250000000000000  .437500000000000  .500000000000000    48
  .250000000000000  .500000000000000  .562500000000000    48
  .312500000000000  .312500000000000  .437500000000000    24
  .312500000000000  .375000000000000  .500000000000000    48
  .312500000000000  .437500000000000  .562500000000000    48
  .312500000000000  .500000000000000  .625000000000000    48
  .375000000000000  .375000000000000  .562500000000000    24
  .375000000000000  .437500000000000  .625000000000000    48
 -.562500000000000 -.562500000000000 -.312500000000000    24
  .312500000000000  .312500000000000  .312500000000000     8
  .312500000000000  .375000000000000  .375000000000000    24
  .312500000000000  .437500000000000  .437500000000000    24
  .312500000000000  .500000000000000  .500000000000000    24
  .375000000000000  .375000000000000  .437500000000000    24
  .375000000000000  .437500000000000  .500000000000000    48
  .375000000000000  .500000000000000  .562500000000000    48
  .437500000000000  .437500000000000  .562500000000000    24
  .437500000000000  .437500000000000  .437500000000000     8
  .437500000000000  .500000000000000  .500000000000000    24
