 (i6)
     1
 (2i12)
          49         432      12 12 12 1 1 1 2 2 2
 (3f18.0, i6)
  .166666666666667  .166666666666667  .166666666666667     2
  .250000000000000  .250000000000000  .333333333333333     6
  .333333333333333  .333333333333333  .500000000000000     6
  .416666666666667  .416666666666667  .666666666666667     6
 -.500000000000000 -.500000000000000 -.166666666666667     6
 -.416666666666667 -.416666666666667  .000000000000000     6
 -.333333333333333 -.333333333333333  .166666666666667     6
 -.250000000000000 -.250000000000000 -.666666666666667     6
 -.166666666666667 -.166666666666667 -.500000000000000     6
 -.083333333333333 -.083333333333333 -.333333333333333     6
  .000000000000000  .000000000000000 -.166666666666667     6
  .083333333333333  .083333333333333  .000000000000000     6
  .333333333333333  .416666666666667  .416666666666667     6
 -.583333333333333 -.500000000000000 -.416666666666667     6
 -.500000000000000 -.416666666666667 -.250000000000000    12
 -.416666666666667 -.333333333333333 -.083333333333333    12
 -.333333333333333 -.250000000000000  .083333333333333    12
 -.250000000000000 -.166666666666667  .250000000000000    12
 -.166666666666667 -.083333333333333 -.583333333333333    12
 -.083333333333333  .000000000000000 -.416666666666667    12
  .000000000000000  .083333333333333 -.250000000000000    12
  .083333333333333  .166666666666667 -.083333333333333    12
  .166666666666667  .250000000000000  .083333333333333    12
 -.416666666666667 -.250000000000000 -.166666666666667    12
 -.333333333333333 -.166666666666667  .000000000000000    12
 -.250000000000000 -.083333333333333  .166666666666667    12
 -.166666666666667  .000000000000000  .333333333333333    12
 -.083333333333333  .083333333333333  .500000000000000     6
 -.083333333333333  .166666666666667  .416666666666667    12
  .000000000000000  .250000000000000  .583333333333333    12
  .083333333333333  .333333333333333 -.250000000000000    12
  .250000000000000  .500000000000000  .083333333333333    12
  .333333333333333  .583333333333333  .250000000000000    12
 -.166666666666667  .166666666666667  .166666666666667     6
  .000000000000000  .333333333333333  .500000000000000    12
  .083333333333333  .416666666666667  .666666666666667    12
  .166666666666667  .500000000000000 -.166666666666667     6
  .333333333333333  .666666666666667  .166666666666667    12
 -.583333333333333 -.250000000000000 -.666666666666667    12
  .083333333333333  .500000000000000  .583333333333333    12
  .166666666666667 -.416666666666667 -.250000000000000    12
  .333333333333333 -.083333333333333 -.083333333333333     6
  .583333333333333  .166666666666667  .416666666666667    12
 -.333333333333333 -.666666666666667 -.500000000000000     6
 -.166666666666667 -.333333333333333 -.333333333333333     6
  .500000000000000  .500000000000000  .500000000000000     1
 -.250000000000000 -.250000000000000  .000000000000000     6
  .000000000000000  .000000000000000  .500000000000000     3
 -.750000000000000 -.500000000000000 -.250000000000000     6
