#     Radial coefficients Phi_{h} of D_{h} in the harmonic 
#     expansion of the Coulomb potential divided by r^{\ell}
#     Phi(1) is from \int_{0}^{r} {r\Pr^{\ell} \over r^{\ell+1}} ...
#     Phi(2) is from \int_{r}^{S} {r^{\ell} \over r\Pr^{\ell+1}} ...
#     Phi(out) is from V_{ext}(S)
# type = 0
# h = 0 (l = 0)
@ type xy
 0  248.958876359526  .000001539317356  246.852716292825  2.10615852738352
 1  248.958876320081  .000001617063137  246.852716175634  2.10615852738352
 2  248.958876278649  .000001698704360  246.852716052561  2.10615852738352
 3  248.958876235165  .000001784436960  246.852715923345  2.10615852738352
 4  248.958876189216  .000001874466706  246.852715787365  2.10615852738352
 5  248.958876141358  .000001969009698  246.852715644965  2.10615852738352
 6  248.958876090882  .000002068292882  246.852715495205  2.10615852738352
 7  248.958876037885  .000002172554600  246.852715337946  2.10615852738352
 8  248.958875982221  .000002282045159  246.852715172793  2.10615852738352
 9  248.958875923746  .000002397027433  246.852714999335  2.10615852738352
 10  248.958875862331  .000002517777493  246.852714817170  2.10615852738352
 11  248.958875797861  .000002644585274  246.852714625892  2.10615852738352
 12  248.958875729872  .000002777755264  246.852714424734  2.10615852738352
 13  248.958875658871  .000002917607243  246.852714213881  2.10615852738352
 14  248.958875584090  .000003064477047  246.852713992229  2.10615852738352
 15  248.958875505568  .000003218717374  246.852713759468  2.10615852738352
 16  248.958875423100  .000003380698632  246.852713515018  2.10615852738352
 17  248.958875336475  .000003550809827  246.852713258282  2.10615852738352
 18  248.958875245498  .000003729459502  246.852712988655  2.10615852738352
 19  248.958875149982  .000003917076711  246.852712705521  2.10615852738352
&
# h = 1 (l = 3)
@ type xy
 0  .043754176836319  .000000000000000  .000000000000000  .043754176836319
 1  .043754176836319  .000000000000000  .000000000000000  .043754176836319
 2  .043754176836319  .000000000000000  .000000000000000  .043754176836319
 3  .043754176836319  .000000000000000  .000000000000000  .043754176836319
 4  .043754176836319  .000000000000000  .000000000000000  .043754176836319
 5  .043754176836319  .000000000000000  .000000000000000  .043754176836319
 6  .043754176836319  .000000000000000  .000000000000000  .043754176836319
 7  .043754176836319  .000000000000000  .000000000000000  .043754176836319
 8  .043754176836319  .000000000000000  .000000000000000  .043754176836319
 9  .043754176836319  .000000000000000  .000000000000000  .043754176836319
 10  .043754176836319  .000000000000000  .000000000000000  .043754176836319
 11  .043754176836319  .000000000000000  .000000000000000  .043754176836319
 12  .043754176836319  .000000000000000  .000000000000000  .043754176836319
 13  .043754176836319  .000000000000000  .000000000000000  .043754176836319
 14  .043754176836319  .000000000000000  .000000000000000  .043754176836319
 15  .043754176836319  .000000000000000  .000000000000000  .043754176836319
 16  .043754176836319  .000000000000000  .000000000000000  .043754176836319
 17  .043754176836319  .000000000000000  .000000000000000  .043754176836319
 18  .043754176836319  .000000000000000  .000000000000000  .043754176836319
 19  .043754176836319  .000000000000000  .000000000000000  .043754176836319
&
# h = 2 (l = 4)
@ type xy
 0  .140343632429645  .000000000000000  .000000000000000  .140343632429645
 1  .140343632429645  .000000000000000  .000000000000000  .140343632429645
 2  .140343632429645  .000000000000000  .000000000000000  .140343632429645
 3  .140343632429645  .000000000000000  .000000000000000  .140343632429645
 4  .140343632429645  .000000000000000  .000000000000000  .140343632429645
 5  .140343632429645  .000000000000000  .000000000000000  .140343632429645
 6  .140343632429645  .000000000000000  .000000000000000  .140343632429645
 7  .140343632429645  .000000000000000  .000000000000000  .140343632429645
 8  .140343632429645  .000000000000000  .000000000000000  .140343632429645
 9  .140343632429645  .000000000000000  .000000000000000  .140343632429645
 10  .140343632429645  .000000000000000  .000000000000000  .140343632429645
 11  .140343632429645  .000000000000000  .000000000000000  .140343632429645
 12  .140343632429645  .000000000000000  .000000000000000  .140343632429645
 13  .140343632429645  .000000000000000  .000000000000000  .140343632429645
 14  .140343632429645  .000000000000000  .000000000000000  .140343632429645
 15  .140343632429645  .000000000000000  .000000000000000  .140343632429645
 16  .140343632429645  .000000000000000  .000000000000000  .140343632429645
 17  .140343632429645  .000000000000000  .000000000000000  .140343632429645
 18  .140343632429645  .000000000000000  .000000000000000  .140343632429645
 19  .140343632429645  .000000000000000  .000000000000000  .140343632429645
&
# h = 3 (l = 6)
@ type xy
 0 -.077330318833479  .000000000000000  .000000000000000 -.077330318833479
 1 -.077330318833479  .000000000000000  .000000000000000 -.077330318833479
 2 -.077330318833479  .000000000000000  .000000000000000 -.077330318833479
 3 -.077330318833479  .000000000000000  .000000000000000 -.077330318833479
 4 -.077330318833479  .000000000000000  .000000000000000 -.077330318833479
 5 -.077330318833479  .000000000000000  .000000000000000 -.077330318833479
 6 -.077330318833479  .000000000000000  .000000000000000 -.077330318833479
 7 -.077330318833479  .000000000000000  .000000000000000 -.077330318833479
 8 -.077330318833479  .000000000000000  .000000000000000 -.077330318833479
 9 -.077330318833479  .000000000000000  .000000000000000 -.077330318833479
 10 -.077330318833479  .000000000000000  .000000000000000 -.077330318833479
 11 -.077330318833479  .000000000000000  .000000000000000 -.077330318833479
 12 -.077330318833479  .000000000000000  .000000000000000 -.077330318833479
 13 -.077330318833479  .000000000000000  .000000000000000 -.077330318833479
 14 -.077330318833479  .000000000000000  .000000000000000 -.077330318833479
 15 -.077330318833479  .000000000000000  .000000000000000 -.077330318833479
 16 -.077330318833479  .000000000000000  .000000000000000 -.077330318833479
 17 -.077330318833479  .000000000000000  .000000000000000 -.077330318833479
 18 -.077330318833479  .000000000000000  .000000000000000 -.077330318833479
 19 -.077330318833479  .000000000000000  .000000000000000 -.077330318833479
&
# h = 4 (l = 7)
@ type xy
 0 -.001161335832817  .000000000000000  .000000000000000 -.001161335832817
 1 -.001161335832817  .000000000000000  .000000000000000 -.001161335832817
 2 -.001161335832817  .000000000000000  .000000000000000 -.001161335832817
 3 -.001161335832817  .000000000000000  .000000000000000 -.001161335832817
 4 -.001161335832817  .000000000000000  .000000000000000 -.001161335832817
 5 -.001161335832817  .000000000000000  .000000000000000 -.001161335832817
 6 -.001161335832817  .000000000000000  .000000000000000 -.001161335832817
 7 -.001161335832817  .000000000000000  .000000000000000 -.001161335832817
 8 -.001161335832817  .000000000000000  .000000000000000 -.001161335832817
 9 -.001161335832817  .000000000000000  .000000000000000 -.001161335832817
 10 -.001161335832817  .000000000000000  .000000000000000 -.001161335832817
 11 -.001161335832817  .000000000000000  .000000000000000 -.001161335832817
 12 -.001161335832817  .000000000000000  .000000000000000 -.001161335832817
 13 -.001161335832817  .000000000000000  .000000000000000 -.001161335832817
 14 -.001161335832817  .000000000000000  .000000000000000 -.001161335832817
 15 -.001161335832817  .000000000000000  .000000000000000 -.001161335832817
 16 -.001161335832817  .000000000000000  .000000000000000 -.001161335832817
 17 -.001161335832817  .000000000000000  .000000000000000 -.001161335832817
 18 -.001161335832817  .000000000000000  .000000000000000 -.001161335832817
 19 -.001161335832817  .000000000000000  .000000000000000 -.001161335832817
&
# h = 5 (l = 8)
@ type xy
 0 -.010191415636474  .000000000000000  .000000000000000 -.010191415636474
 1 -.010191415636474  .000000000000000  .000000000000000 -.010191415636474
 2 -.010191415636474  .000000000000000  .000000000000000 -.010191415636474
 3 -.010191415636474  .000000000000000  .000000000000000 -.010191415636474
 4 -.010191415636474  .000000000000000  .000000000000000 -.010191415636474
 5 -.010191415636474  .000000000000000  .000000000000000 -.010191415636474
 6 -.010191415636474  .000000000000000  .000000000000000 -.010191415636474
 7 -.010191415636474  .000000000000000  .000000000000000 -.010191415636474
 8 -.010191415636474  .000000000000000  .000000000000000 -.010191415636474
 9 -.010191415636474  .000000000000000  .000000000000000 -.010191415636474
 10 -.010191415636474  .000000000000000  .000000000000000 -.010191415636474
 11 -.010191415636474  .000000000000000  .000000000000000 -.010191415636474
 12 -.010191415636474  .000000000000000  .000000000000000 -.010191415636474
 13 -.010191415636474  .000000000000000  .000000000000000 -.010191415636474
 14 -.010191415636474  .000000000000000  .000000000000000 -.010191415636474
 15 -.010191415636474  .000000000000000  .000000000000000 -.010191415636474
 16 -.010191415636474  .000000000000000  .000000000000000 -.010191415636474
 17 -.010191415636474  .000000000000000  .000000000000000 -.010191415636474
 18 -.010191415636474  .000000000000000  .000000000000000 -.010191415636474
 19 -.010191415636474  .000000000000000  .000000000000000 -.010191415636474
&
# type = 1
# h = 0 (l = 0)
@ type xy
 0  235.714711965480  .000001459020329  233.362526530926  2.35218397553363
 1  235.714711928128  .000001532792901  233.362526419802  2.35218397553363
 2  235.714711888650  .000001610268105  233.362526302848  2.35218397553363
 3  235.714711847544  .000001691632441  233.362526180378  2.35218397553363
 4  235.714711804173  .000001777081781  233.362526051557  2.35218397553363
 5  235.714711758639  .000001866821848  233.362525916283  2.35218397553363
 6  235.714711710804  .000001961068709  233.362525774202  2.35218397553363
 7  235.714711660554  .000002060049292  233.362525624971  2.35218397553363
 8  235.714711607771  .000002164001937  233.362525468236  2.35218397553363
 9  235.714711552356  .000002273176970  233.362525303645  2.35218397553363
 10  235.714711493907  .000002387837303  233.362525130536  2.35218397553363
 11  235.714711432877  .000002508259066  233.362524949085  2.35218397553363
 12  235.714711368582  .000002634732280  233.362524758316  2.35218397553363
 13  235.714711301073  .000002767561546  233.362524557978  2.35218397553363
 14  235.714711230158  .000002907066784  233.362524347558  2.35218397553363
 15  235.714711155669  .000003053584002  233.362524126551  2.35218397553363
 16  235.714711077429  .000003207466105  233.362523894429  2.35218397553363
 17  235.714710995277  .000003369083748  233.362523650659  2.35218397553363
 18  235.714710908747  .000003538826222  233.362523394387  2.35218397553363
 19  235.714710818226  .000003717102399  233.362523125590  2.35218397553363
&
# h = 1 (l = 4)
@ type xy
 0  .063463141066480  .000000000000000  .000000000000000  .063463141066480
 1  .063463141066480  .000000000000000  .000000000000000  .063463141066480
 2  .063463141066480  .000000000000000  .000000000000000  .063463141066480
 3  .063463141066480  .000000000000000  .000000000000000  .063463141066480
 4  .063463141066480  .000000000000000  .000000000000000  .063463141066480
 5  .063463141066480  .000000000000000  .000000000000000  .063463141066480
 6  .063463141066480  .000000000000000  .000000000000000  .063463141066480
 7  .063463141066480  .000000000000000  .000000000000000  .063463141066480
 8  .063463141066480  .000000000000000  .000000000000000  .063463141066480
 9  .063463141066480  .000000000000000  .000000000000000  .063463141066480
 10  .063463141066480  .000000000000000  .000000000000000  .063463141066480
 11  .063463141066480  .000000000000000  .000000000000000  .063463141066480
 12  .063463141066480  .000000000000000  .000000000000000  .063463141066480
 13  .063463141066480  .000000000000000  .000000000000000  .063463141066480
 14  .063463141066480  .000000000000000  .000000000000000  .063463141066480
 15  .063463141066480  .000000000000000  .000000000000000  .063463141066480
 16  .063463141066480  .000000000000000  .000000000000000  .063463141066480
 17  .063463141066480  .000000000000000  .000000000000000  .063463141066480
 18  .063463141066480  .000000000000000  .000000000000000  .063463141066480
 19  .063463141066480  .000000000000000  .000000000000000  .063463141066480
&
# h = 2 (l = 6)
@ type xy
 0 -.068321025505425  .000000000000000  .000000000000000 -.068321025505425
 1 -.068321025505425  .000000000000000  .000000000000000 -.068321025505425
 2 -.068321025505425  .000000000000000  .000000000000000 -.068321025505425
 3 -.068321025505425  .000000000000000  .000000000000000 -.068321025505425
 4 -.068321025505425  .000000000000000  .000000000000000 -.068321025505425
 5 -.068321025505425  .000000000000000  .000000000000000 -.068321025505425
 6 -.068321025505425  .000000000000000  .000000000000000 -.068321025505425
 7 -.068321025505425  .000000000000000  .000000000000000 -.068321025505425
 8 -.068321025505425  .000000000000000  .000000000000000 -.068321025505425
 9 -.068321025505425  .000000000000000  .000000000000000 -.068321025505425
 10 -.068321025505425  .000000000000000  .000000000000000 -.068321025505425
 11 -.068321025505425  .000000000000000  .000000000000000 -.068321025505425
 12 -.068321025505425  .000000000000000  .000000000000000 -.068321025505425
 13 -.068321025505425  .000000000000000  .000000000000000 -.068321025505425
 14 -.068321025505425  .000000000000000  .000000000000000 -.068321025505425
 15 -.068321025505425  .000000000000000  .000000000000000 -.068321025505425
 16 -.068321025505425  .000000000000000  .000000000000000 -.068321025505425
 17 -.068321025505425  .000000000000000  .000000000000000 -.068321025505425
 18 -.068321025505425  .000000000000000  .000000000000000 -.068321025505425
 19 -.068321025505425  .000000000000000  .000000000000000 -.068321025505425
&
# h = 3 (l = 8)
@ type xy
 0 -.009716511618723  .000000000000000  .000000000000000 -.009716511618723
 1 -.009716511618723  .000000000000000  .000000000000000 -.009716511618723
 2 -.009716511618723  .000000000000000  .000000000000000 -.009716511618723
 3 -.009716511618723  .000000000000000  .000000000000000 -.009716511618723
 4 -.009716511618723  .000000000000000  .000000000000000 -.009716511618723
 5 -.009716511618723  .000000000000000  .000000000000000 -.009716511618723
 6 -.009716511618723  .000000000000000  .000000000000000 -.009716511618723
 7 -.009716511618723  .000000000000000  .000000000000000 -.009716511618723
 8 -.009716511618723  .000000000000000  .000000000000000 -.009716511618723
 9 -.009716511618723  .000000000000000  .000000000000000 -.009716511618723
 10 -.009716511618723  .000000000000000  .000000000000000 -.009716511618723
 11 -.009716511618723  .000000000000000  .000000000000000 -.009716511618723
 12 -.009716511618723  .000000000000000  .000000000000000 -.009716511618723
 13 -.009716511618723  .000000000000000  .000000000000000 -.009716511618723
 14 -.009716511618723  .000000000000000  .000000000000000 -.009716511618723
 15 -.009716511618723  .000000000000000  .000000000000000 -.009716511618723
 16 -.009716511618723  .000000000000000  .000000000000000 -.009716511618723
 17 -.009716511618723  .000000000000000  .000000000000000 -.009716511618723
 18 -.009716511618723  .000000000000000  .000000000000000 -.009716511618723
 19 -.009716511618723  .000000000000000  .000000000000000 -.009716511618723
&
# type = 2
# h = 0 (l = 0)
@ type xy
 0  90.7309690618903  .000000685614300  87.8902107293503  2.84075764692568
 1  90.7309690427358  .000000720644873  87.8902106751653  2.84075764692568
 2  90.7309690267668  .000000757461921  87.8902106223792  2.84075764692568
 3  90.7309690040475  .000000796156627  87.8902105609652  2.84075764692568
 4  90.7309689871511  .000000836824824  87.8902105034006  2.84075764692568
 5  90.7309689630760  .000000879567235  87.8902104365831  2.84075764692568
 6  90.7309689417131  .000000924489719  87.8902103702977  2.84075764692568
 7  90.7309689174523  .000000971703539  87.8902102988231  2.84075764692568
 8  90.7309688934171  .000001021325629  87.8902102251658  2.84075764692568
 9  90.7309688656576  .000001073478892  87.8902101452530  2.84075764692568
 10  90.7309688406447  .000001128292501  87.8902100654265  2.84075764692568
 11  90.7309688084201  .000001185902216  87.8902099755922  2.84075764692568
 12  90.7309687815336  .000001246450724  87.8902098881572  2.84075764692568
 13  90.7309687469589  .000001310087992  87.8902097899452  2.84075764692568
 14  90.7309687145607  .000001376971635  87.8902096906634  2.84075764692568
 15  90.7309686787017  .000001447267311  87.8902095845087  2.84075764692568
 16  90.7309686424767  .000001521149126  87.8902094744019  2.84075764692568
 17  90.7309686019055  .000001598800070  87.8902093561798  2.84075764692568
 18  90.7309685634274  .000001680412467  87.8902092360892  2.84075764692568
 19  90.7309685170506  .000001766188452  87.8902091039365  2.84075764692568
&
# h = 1 (l = 4)
@ type xy
 0  .053295575504742  .000000000000000  .000000000000000  .053295575504742
 1  .053295575504742  .000000000000000  .000000000000000  .053295575504742
 2  .053295575504742  .000000000000000  .000000000000000  .053295575504742
 3  .053295575504742  .000000000000000  .000000000000000  .053295575504742
 4  .053295575504742  .000000000000000  .000000000000000  .053295575504742
 5  .053295575504742  .000000000000000  .000000000000000  .053295575504742
 6  .053295575504742  .000000000000000  .000000000000000  .053295575504742
 7  .053295575504742  .000000000000000  .000000000000000  .053295575504742
 8  .053295575504742  .000000000000000  .000000000000000  .053295575504742
 9  .053295575504742  .000000000000000  .000000000000000  .053295575504742
 10  .053295575504742  .000000000000000  .000000000000000  .053295575504742
 11  .053295575504742  .000000000000000  .000000000000000  .053295575504742
 12  .053295575504742  .000000000000000  .000000000000000  .053295575504742
 13  .053295575504742  .000000000000000  .000000000000000  .053295575504742
 14  .053295575504742  .000000000000000  .000000000000000  .053295575504742
 15  .053295575504742  .000000000000000  .000000000000000  .053295575504742
 16  .053295575504742  .000000000000000  .000000000000000  .053295575504742
 17  .053295575504742  .000000000000000  .000000000000000  .053295575504742
 18  .053295575504742  .000000000000000  .000000000000000  .053295575504742
 19  .053295575504742  .000000000000000  .000000000000000  .053295575504742
&
# h = 2 (l = 6)
@ type xy
 0 -.037172535300497  .000000000000000  .000000000000000 -.037172535300497
 1 -.037172535300497  .000000000000000  .000000000000000 -.037172535300497
 2 -.037172535300497  .000000000000000  .000000000000000 -.037172535300497
 3 -.037172535300497  .000000000000000  .000000000000000 -.037172535300497
 4 -.037172535300497  .000000000000000  .000000000000000 -.037172535300497
 5 -.037172535300497  .000000000000000  .000000000000000 -.037172535300497
 6 -.037172535300497  .000000000000000  .000000000000000 -.037172535300497
 7 -.037172535300497  .000000000000000  .000000000000000 -.037172535300497
 8 -.037172535300497  .000000000000000  .000000000000000 -.037172535300497
 9 -.037172535300497  .000000000000000  .000000000000000 -.037172535300497
 10 -.037172535300497  .000000000000000  .000000000000000 -.037172535300497
 11 -.037172535300497  .000000000000000  .000000000000000 -.037172535300497
 12 -.037172535300497  .000000000000000  .000000000000000 -.037172535300497
 13 -.037172535300497  .000000000000000  .000000000000000 -.037172535300497
 14 -.037172535300497  .000000000000000  .000000000000000 -.037172535300497
 15 -.037172535300497  .000000000000000  .000000000000000 -.037172535300497
 16 -.037172535300497  .000000000000000  .000000000000000 -.037172535300497
 17 -.037172535300497  .000000000000000  .000000000000000 -.037172535300497
 18 -.037172535300497  .000000000000000  .000000000000000 -.037172535300497
 19 -.037172535300497  .000000000000000  .000000000000000 -.037172535300497
&
# h = 3 (l = 8)
@ type xy
 0 -.004587056508918  .000000000000000  .000000000000000 -.004587056508918
 1 -.004587056508918  .000000000000000  .000000000000000 -.004587056508918
 2 -.004587056508918  .000000000000000  .000000000000000 -.004587056508918
 3 -.004587056508918  .000000000000000  .000000000000000 -.004587056508918
 4 -.004587056508918  .000000000000000  .000000000000000 -.004587056508918
 5 -.004587056508918  .000000000000000  .000000000000000 -.004587056508918
 6 -.004587056508918  .000000000000000  .000000000000000 -.004587056508918
 7 -.004587056508918  .000000000000000  .000000000000000 -.004587056508918
 8 -.004587056508918  .000000000000000  .000000000000000 -.004587056508918
 9 -.004587056508918  .000000000000000  .000000000000000 -.004587056508918
 10 -.004587056508918  .000000000000000  .000000000000000 -.004587056508918
 11 -.004587056508918  .000000000000000  .000000000000000 -.004587056508918
 12 -.004587056508918  .000000000000000  .000000000000000 -.004587056508918
 13 -.004587056508918  .000000000000000  .000000000000000 -.004587056508918
 14 -.004587056508918  .000000000000000  .000000000000000 -.004587056508918
 15 -.004587056508918  .000000000000000  .000000000000000 -.004587056508918
 16 -.004587056508918  .000000000000000  .000000000000000 -.004587056508918
 17 -.004587056508918  .000000000000000  .000000000000000 -.004587056508918
 18 -.004587056508918  .000000000000000  .000000000000000 -.004587056508918
 19 -.004587056508918  .000000000000000  .000000000000000 -.004587056508918
&
