 energy and charge average matrices
  type  L       (e_i|H|e_j)                    (e_i|e_j)       
     0  0  .054502896  .006301558        .143983659  .018226950
           .006301558 -6.07805843        .018226950  1.00242449
     0  1  .061159238  .018632148        .110271065  .035263728
           .018632148 -10.2198849        .035263728  3.00571064
     0  2  1.82652353  .055826755        2.80877705  .088475119
           .055826755  .003013428        .088475119  .009583942
     0  3  .002257832  .000177740        .003835620  .000173095
           .000177740  .000242794        .000173095  .000908656
     0  4  .000470412  .000000952        .000781741 -.000034314
           .000000952 -.000053957       -.000034314  .000153784
     0  5  .000110292 -.000003769        .000178448 -.000018118
          -.000003769 -.000038886       -.000018118  .000034560
     0  6  .000026518 -.000000631        .000044649 -.000004248
          -.000000631 -.000014984       -.000004248  .000008809
     0  7  .000007037 -.000000407        .000011725 -.000001466
          -.000000407 -.000004601       -.000001466  .000002781
     0  8  .000001737 -.000000193        .000002925 -.000000438
          -.000000193 -.000001264       -.000000438  .000000870
     1  0  .052542965  .007349163        .127258457  .019436821
           .007349163 -5.46799869        .019436821  1.00267367
     1  1  .052395293  .018489991        .091790161  .034834953
           .018489991 -8.99659110        .034834953  3.00295615
     1  2  .872131303  .054534061        1.41637804  .086332422
           .054534061  .003877937        .086332422  .012088015
     1  3  .005227193  .000128788        .007879835  .000160156
           .000128788  .000138591        .000160156  .000800495
     1  4  .001011876 -.000012469        .001559026 -.000058465
          -.000012469 -.000119117       -.000058465  .000129165
     1  5  .000244431 -.000016065        .000381541 -.000040237
          -.000016065 -.000057928       -.000040237  .000038987
     1  6  .000051440 -.000001012        .000086454 -.000008107
          -.000001012 -.000022394       -.000008107  .000011622
     1  7  .000021224 -.000000350        .000032486 -.000001951
          -.000000350 -.000007076       -.000001951  .000003470
     1  8  .000004459 -.000000217        .000007076 -.000000580
          -.000000217 -.000001937       -.000000580  .000001177
     2  0  .032499089  .012639783        .103224226  .046287757
           .012639783  .007802820        .046287757  .027350504
     2  1  .075922170  .023965793        .140477317  .046632618
           .023965793  .010685146        .046632618  .021302568
     2  2  .022227042  .004451119        .035122749  .007178212
           .004451119  .001853820        .007178212  .003356308
     2  3  .001728310  .000187641        .002699907  .000251683
           .000187641  .000176991        .000251683  .000476204
     2  4  .000332304  .000002531        .000526893 -.000016822
           .000002531 -.000007963       -.000016822  .000086798
     2  5  .000077239 -.000001906        .000120327 -.000008056
          -.000001906 -.000012683       -.000008056  .000013789
     2  6  .000017075 -.000000351        .000027260 -.000002092
          -.000000351 -.000004616       -.000002092  .000002817
     2  7  .000003706 -.000000171        .000006013 -.000000608
          -.000000171 -.000001253       -.000000608  .000000693
     2  8  .000000911 -.000000029        .000001402 -.000000085
          -.000000029 -.000000315       -.000000085  .000000150
