#-------------------------------------------------------------------------------
 start rspt
 fft column major dimensions:
       normal fft: 32 32 32, size = 32768
        super fft: 64 64 64, size = 262144
 mbases (matrix dimension mod spin) = 112
 mbasis set
 matrix dimension is 224
 initfft: start
 initfft: fft_ncmdim: 32 32 32 ... fft_scmdim: 64 64 64
 initfft: nrmdim: 32 32 32 ... srmdim: 64 64 64
 fftw_fft_init: MKL FFT's used, no wisdom file.
 initfft: 
 (Tail,Energy) parameter set
     p     t     e
     1     1     1
     2     2     1
     3     3     1
     4     1     2
     5     2     2
 spin axis =  .000000000  .000000000  .000000000 absolute
 spin axis euler angles: alpha =  .000000000 beta =  .000000000 gamma =  .000000000
 eset 0
  L  T  S  n  f                 E
  0  1 -1  4 20  2.53600734253577
  1  1 -1  4 21  3.32975084740355
  2  1 -1  3  0  .649161181994410
  3  1 -1  4  0  .618452903306450
  4  1 -1  5  0  .651590628216030
  5  1 -1  6  0  .702125020453020
  6  1 -1  7  0  .678095342443360
  7  1 -1  8  0  .681968477458300
  8  1 -1  9  0  .639575823778130
  0  2 -1  4 20  2.70501135973754
  1  2 -1  4 21  3.46769532489511
  2  2 -1  3  0  .617474701950700
  3  2 -1  4  0  .668379495439430
  4  2 -1  5  0  .681479212993260
  5  2 -1  6  0  .697770759825130
  6  2 -1  7  0  .688136019046570
  7  2 -1  8  0  .711020278027410
  8  2 -1  9  0  .672132022897740
  0  3 -1  3  0  .297516874943770
  1  3 -1  3  0  .530761698594830
  2  3 -1  3  0  .629379049198800
  3  3 -1  4  0  .654563396392920
  4  3 -1  5  0  .676004852856440
  5  3 -1  6  0  .697248714450370
  6  3 -1  7  0  .700486794140850
  7  3 -1  8  0  .690286040096560
  8  3 -1  9  0  .687625682286750
  0  1  1  4 20  2.49969499904941
  1  1  1  4 21  3.30091935327249
  2  1  1  3  0  .615899642766450
  3  1  1  4  0  .580287779598690
  4  1  1  5  0  .594182051720680
  5  1  1  6  0  .625312401613850
  6  1  1  7  0  .609124977552630
  7  1  1  8  0  .609881835294180
  8  1  1  9  0  .591276756995780
  0  2  1  4 20  2.60256984890926
  1  2  1  4 21  3.38065723947019
  2  2  1  3  0  .570419691815170
  3  2  1  4  0  .614166299622340
  4  2  1  5  0  .640338208413630
  5  2  1  6  0  .664882099950360
  6  2  1  7  0  .671440895224740
  7  2  1  8  0  .651607972239110
  8  2  1  9  0  .638609892382000
  0  3  1  3  0  .310679866686110
  1  3  1  3  0  .515492676625420
  2  3  1  3  0  .575793071055830
  3  3  1  4  0  .609854374130550
  4  3  1  5  0  .630835301350760
  5  3  1  6  0  .648684108618950
  6  3  1  7  0  .656229142245690
  7  3  1  8  0  .656013519695670
  8  3  1  9  0  .642509469566270
 eset 1
  L  T  S  n  f                 E
  0  1 -1  3 -1 -6.08305489347538
  1  1 -1  3 -1 -3.41830989130810
  2  1 -1  3  0  .333131277344060
  3  1 -1  4  0  .318871098621940
  4  1 -1  5  0 -.376427618556180
  5  1 -1  6  0 -1.39845234354560
  6  1 -1  7  0 -2.05034977390050
  7  1 -1  8  0 -2.14368296582750
  8  1 -1  9  0 -2.02163943032160
  0  2 -1  3 -1 -5.47579119864891
  1  2 -1  3 -1 -3.01535060674653
  2  2 -1  3  0  .354334052861000
  3  2 -1  4  0  .195593121395500
  4  2 -1  5  0 -1.00670465379340
  5  2 -1  6  0 -1.93191146612690
  6  2 -1  7  0 -2.33329959067430
  7  2 -1  8  0 -2.30916194631660
  8  2 -1  9  0 -1.97534642112980
  0  3 -1  3  0  .280225160911400
  1  3 -1  3  0  .506106286118860
  2  3 -1  3  0  .570753008542870
  3  3 -1  4  0  .422824266415330
  4  3 -1  5  0 -.088328965908156
  5  3 -1  6  0 -1.07770185876880
  6  3 -1  7  0 -1.93055515629760
  7  3 -1  8  0 -2.27037446213260
  8  3 -1  9  0 -2.39073779876570
  0  1  1  3 -1 -6.18515220083701
  1  1  1  3 -1 -3.51699153091212
  2  1  1  3  0  .247963867929420
  3  1  1  4  0  .250748176519990
  4  1  1  5  0 -.400040115052850
  5  1  1  6  0 -1.35689409915840
  6  1  1  7  0 -2.05261676693950
  7  1  1  8  0 -2.06049921506120
  8  1  1  9  0 -1.91370401520030
  0  2  1  3 -1 -5.70106511812647
  1  2  1  3 -1 -3.23357336990195
  2  2  1  3  0  .220097335581130
  3  2  1  4  0  .127613111132870
  4  2  1  5  0 -.873059460856960
  5  2  1  6  0 -1.83601741878220
  6  2  1  7  0 -2.10187216549120
  7  2  1  8  0 -2.36844632282330
  8  2  1  9  0 -1.90564639039930
  0  3  1  3  0  .277901517431010
  1  3  1  3  0  .483389513669400
  2  3  1  3  0  .507615709842410
  3  3  1  4  0  .364576044284330
  4  3  1  5  0 -.127950336091680
  5  3  1  6  0 -1.06610615369220
  6  3  1  7  0 -1.95584246464580
  7  3  1  8  0 -2.27194092262670
  8  3  1  9  0 -2.51860360675710
basisFT:    M0    M1    M2     vectors (column major order)
basisFT:     8     8     8        4913
basisFT: radii           1
basisFT:     1  2.02000000
basisFT: L+N+1           6
basisFT:  maxL
basisFT:     2
initBasisFT: basis Fourier Transform parameters
      radii and powers:
        2.02000000     6
          Lm    M0    M1    M2
           2     8     8     8

 Timing of c parts of RSPt:
        E MT matrix elements :       0.000 m
        P MT matrix elements :       0.000 m
   SF sum MT matrix elements :       0.004 m
  MT overlap matrix elements :       0.000 m
      Tot MT matrix elements :       0.004 m
    FFTs Int matrix elements :       0.000 m
  Phases Int matrix elements :       0.000 m
 ScaProd Int matrix elements :       0.000 m
ScaProd1 Int matrix elements :       0.001 m
     MPI Int matrix elements :       0.000 m
    Junk Int matrix elements :       0.000 m
     Tot Int matrix elements :       0.003 m
                 Int density :       0.003 m

 end rspt
#-------------------------------------------------------------------------------
