 (////i6)
# 16 16 16; 1/2 1/2 1/2
#      1      1      0
#      1      0      1
#      0      1      1
     1
 (2i12)
        1040       12288
 (5i8)
       1       2       9      33      12
       2       3      10      34      12
       2       9      10      34      12
       2       9      33      34      12
       3       4      11      35      12
       3      10      11      35      12
       3      10      34      35      12
       4       5      12      36      12
       4      11      12      36      12
       4      11      35      36      12
       5       6      13      37      12
       5      12      13      37      12
       5      12      36      37      12
       6       7      14      38      12
       6      13      14      38      12
       6      13      37      38      12
       7       8      15      32      12
       7      14      15      32      12
       7      14      32      38      12
       8       8      15      32      12
       8      15      15      32      12
       8      15      32      32      12
       7       8      14      38      12
       8      14      15      38      12
       8      15      32      38      12
       6       7      13      37      12
       7      13      14      37      12
       7      14      37      38      12
       5       6      12      36      12
       6      12      13      36      12
       6      13      36      37      12
       4       5      11      35      12
       5      11      12      35      12
       5      12      35      36      12
       3       4      10      34      12
       4      10      11      34      12
       4      11      34      35      12
       2       3       9      33      12
       3       9      10      33      12
       3      10      33      34      12
       1       2       2       9      12
       2       2       9       9      12
       2       9       9      33      12
       1       1       2       9      12
       1       2       2       9      12
       1       2       9       9      12
       9      10      16      39      12
       9      10      34      39      12
       9      33      34      39      12
      10      11      17      40      12
      10      11      35      40      12
      10      34      35      40      12
      10      34      39      40      12
      10      16      39      40      12
      10      16      17      40      12
      11      12      18      41      12
      11      12      36      41      12
      11      35      36      41      12
      11      35      40      41      12
      11      17      40      41      12
      11      17      18      41      12
      12      13      19      42      12
      12      13      37      42      12
      12      36      37      42      12
      12      36      41      42      12
      12      18      41      42      12
      12      18      19      42      12
      13      14      20      43      12
      13      14      38      43      12
      13      37      38      43      12
      13      37      42      43      12
      13      19      42      43      12
      13      19      20      43      12
      14      15      21      31      12
      14      15      31      32      12
      14      31      32      38      12
      14      31      38      43      12
      14      20      31      43      12
      14      20      21      31      12
      15      15      21      31      12
      15      15      31      32      12
      15      31      32      32      12
      15      31      31      32      12
      15      21      31      31      12
      15      21      21      31      12
      14      15      20      43      12
      14      15      38      43      12
      15      32      38      43      12
      15      31      32      43      12
      15      21      31      43      12
      15      20      21      43      12
      13      14      19      42      12
      13      14      37      42      12
      14      37      38      42      12
      14      38      42      43      12
      14      20      42      43      12
      14      19      20      42      12
      12      13      18      41      12
      12      13      36      41      12
      13      36      37      41      12
      13      37      41      42      12
      13      19      41      42      12
      13      18      19      41      12
      11      12      17      40      12
      11      12      35      40      12
      12      35      36      40      12
      12      36      40      41      12
      12      18      40      41      12
      12      17      18      40      12
      10      11      16      39      12
      10      11      34      39      12
      11      34      35      39      12
      11      35      39      40      12
      11      17      39      40      12
      11      16      17      39      12
       9      10      10      34      12
       9      10      33      34      12
      10      33      34      34      12
      10      34      34      39      12
      10      16      34      39      12
      10      10      16      34      12
       2       3       9      10      12
       2       9       9      10      12
       9       9      10      33      12
       9      10      33      34      12
       9      10      10      34      12
       3       9      10      10      12
       2       2       3      10      12
       2       2       9      10      12
       2       9       9      10      12
       2       9      10      10      12
       2       3      10      10      12
       2       3       3      10      12
      16      17      22      44      12
      16      17      40      44      12
      16      39      40      44      12
      17      18      23      45      12
      17      18      41      45      12
      17      40      41      45      12
      17      40      44      45      12
      17      22      44      45      12
      17      22      23      45      12
      18      19      24      46      12
      18      19      42      46      12
      18      41      42      46      12
      18      41      45      46      12
      18      23      45      46      12
      18      23      24      46      12
      19      20      25      47      12
      19      20      43      47      12
      19      42      43      47      12
      19      42      46      47      12
      19      24      46      47      12
      19      24      25      47      12
      20      21      26      29      12
      20      21      29      31      12
      20      29      31      43      12
      20      29      43      47      12
      20      25      29      47      12
      20      25      26      29      12
      21      21      26      29      12
      21      21      29      31      12
      21      29      31      31      12
      21      29      29      31      12
      21      26      29      29      12
      21      26      26      29      12
      20      21      25      47      12
      20      21      43      47      12
      21      31      43      47      12
      21      29      31      47      12
      21      26      29      47      12
      21      25      26      47      12
      19      20      24      46      12
      19      20      42      46      12
      20      42      43      46      12
      20      43      46      47      12
      20      25      46      47      12
      20      24      25      46      12
      18      19      23      45      12
      18      19      41      45      12
      19      41      42      45      12
      19      42      45      46      12
      19      24      45      46      12
      19      23      24      45      12
      17      18      22      44      12
      17      18      40      44      12
      18      40      41      44      12
      18      41      44      45      12
      18      23      44      45      12
      18      22      23      44      12
      16      17      17      40      12
      16      17      39      40      12
      17      39      40      40      12
      17      40      40      44      12
      17      22      40      44      12
      17      17      22      40      12
      10      11      16      35      12
      10      16      34      35      12
      16      34      35      39      12
      16      35      39      40      12
      16      17      35      40      12
      11      16      17      35      12
       3       4      10      11      12
       3      10      10      11      12
      10      10      11      34      12
      10      11      34      35      12
      10      11      11      35      12
       4      10      11      11      12
       3       3       4      11      12
       3       3      10      11      12
       3      10      10      11      12
       3      10      11      11      12
       3       4      11      11      12
       3       4       4      11      12
      22      23      27      48      12
      22      23      45      48      12
      22      44      45      48      12
      23      24      28      49      12
      23      24      46      49      12
      23      45      46      49      12
      23      45      48      49      12
      23      27      48      49      12
      23      27      28      49      12
      24      25      29      47      12
      24      25      47      47      12
      24      46      47      47      12
      24      46      47      49      12
      24      28      47      49      12
      24      28      29      47      12
      25      25      26      26       6
      25      25      26      29      12
      25      25      29      47      12
      25      25      47      47       6
      25      26      26      26      12
      25      26      26      29      12
      25      26      29      29      12
      25      25      26      29      12
      25      25      26      26      12
      25      26      26      26      12
      25      26      29      47      12
      25      26      47      47      12
      26      29      47      47      12
      25      26      29      47      12
      25      26      26      47      12
      26      26      29      47      12
      24      25      28      49      12
      24      25      46      49      12
      25      46      47      49      12
      25      47      47      49      12
      25      29      47      49      12
      25      28      29      49      12
      23      24      27      48      12
      23      24      45      48      12
      24      45      46      48      12
      24      46      48      49      12
      24      28      48      49      12
      24      27      28      48      12
      22      23      23      45      12
      22      23      44      45      12
      23      44      45      45      12
      23      45      45      48      12
      23      27      45      48      12
      23      23      27      45      12
      17      18      22      41      12
      17      22      40      41      12
      22      40      41      44      12
      22      41      44      45      12
      22      23      41      45      12
      18      22      23      41      12
      11      12      17      36      12
      11      17      35      36      12
      17      35      36      40      12
      17      36      40      41      12
      17      18      36      41      12
      12      17      18      36      12
       4       5      11      12      12
       4      11      11      12      12
      11      11      12      35      12
      11      12      35      36      12
      11      12      12      36      12
       5      11      12      12      12
       4       4       5      12      12
       4       4      11      12      12
       4      11      11      12      12
       4      11      12      12      12
       4       5      12      12      12
       4       5       5      12      12
      27      28      30      50      12
      27      28      49      50      12
      27      48      49      50      12
      28      29      31      43      12
      28      29      43      47      12
      28      43      47      49      12
      28      43      49      50      12
      28      30      43      50      12
      28      30      31      43      12
      20      21      26      26      12
      20      25      26      26      12
      20      25      25      26      12
      20      20      25      26      12
      20      20      21      26      12
      20      21      21      26      12
      26      29      31      43      12
      26      29      43      47      12
      25      26      43      47      12
      20      25      26      43      12
      20      21      26      43      12
      21      26      31      43      12
      28      29      30      50      12
      28      29      49      50      12
      29      47      49      50      12
      29      43      47      50      12
      29      31      43      50      12
      29      30      31      50      12
      27      28      28      49      12
      27      28      48      49      12
      28      48      49      49      12
      28      49      49      50      12
      28      30      49      50      12
      28      28      30      49      12
      23      24      27      46      12
      23      27      45      46      12
      27      45      46      48      12
      27      46      48      49      12
      27      28      46      49      12
      24      27      28      46      12
      18      19      23      42      12
      18      23      41      42      12
      23      41      42      45      12
      23      42      45      46      12
      23      24      42      46      12
      19      23      24      42      12
      12      13      18      37      12
      12      18      36      37      12
      18      36      37      41      12
      18      37      41      42      12
      18      19      37      42      12
      13      18      19      37      12
       5       6      12      13      12
       5      12      12      13      12
      12      12      13      36      12
      12      13      36      37      12
      12      13      13      37      12
       6      12      13      13      12
       5       5       6      13      12
       5       5      12      13      12
       5      12      12      13      12
       5      12      13      13      12
       5       6      13      13      12
       5       6       6      13      12
      30      31      32      38      12
      30      31      38      43      12
      30      38      43      50      12
      14      15      21      21      12
      14      20      21      21      12
      14      20      20      21      12
      14      14      20      21      12
      14      14      15      21      12
      14      15      15      21      12
      21      31      32      38      12
      21      31      38      43      12
      20      21      38      43      12
      14      20      21      38      12
      14      15      21      38      12
      15      21      32      38      12
      30      31      31      43      12
      30      31      43      50      12
      31      43      43      50      12
      31      38      43      43      12
      31      32      38      43      12
      31      31      32      43      12
      28      29      30      47      12
      28      30      47      49      12
      30      47      49      50      12
      30      43      47      50      12
      30      31      43      47      12
      29      30      31      47      12
      24      25      28      47      12
      24      28      46      47      12
      28      46      47      49      12
      28      47      47      49      12
      28      29      47      47      12
      25      28      29      47      12
      19      20      24      43      12
      19      24      42      43      12
      24      42      43      46      12
      24      43      46      47      12
      24      25      43      47      12
      20      24      25      43      12
      13      14      19      38      12
      13      19      37      38      12
      19      37      38      42      12
      19      38      42      43      12
      19      20      38      43      12
      14      19      20      38      12
       6       7      13      14      12
       6      13      13      14      12
      13      13      14      37      12
      13      14      37      38      12
      13      14      14      38      12
       7      13      14      14      12
       6       6       7      14      12
       6       6      13      14      12
       6      13      13      14      12
       6      13      14      14      12
       6       7      14      14      12
       6       7       7      14      12
       7       8      15      15      12
       7      14      15      15      12
       7      14      14      15      12
       7       7      14      15      12
       7       7       8      15      12
       7       8       8      15      12
      14      15      15      32      12
      14      15      32      38      12
      14      14      15      38      12
       7      14      14      15      12
       7       8      14      15      12
       8      14      15      15      12
      20      21      31      32      12
      20      31      32      43      12
      20      32      38      43      12
      14      20      32      38      12
      14      15      20      32      12
      15      20      21      32      12
      25      26      29      31      12
      25      29      31      47      12
      25      31      43      47      12
      20      25      31      43      12
      20      21      25      31      12
      21      25      26      31      12
      25      26      29      29      12
      25      29      29      47      12
      29      29      47      47       6
      26      26      29      29       6
       7       8       8       8      12
       7       7       8       8      12
       7       7       7       8      12
       8      14      15      15      12
       8      14      14      15      12
       7       8      14      14      12
       7       7       8      14      12
       7       8       8      14      12
       8       8      14      15      12
      15      20      21      21      12
      15      20      20      21      12
      14      15      20      20      12
      14      14      15      20      12
      14      15      15      20      12
      15      15      20      21      12
      21      25      26      26      12
      21      25      25      26      12
      20      21      25      25      12
      20      20      21      25      12
      20      21      21      25      12
      21      21      25      26      12
      26      26      26      29      12
      26      26      29      29      12
      25      26      29      29      12
      25      25      26      29      12
      25      26      26      29      12
      26      26      26      29      12
      21      21      26      31      12
      21      26      31      31      12
      26      29      31      31      12
      26      29      29      31      12
      26      26      29      31      12
      21      26      26      31      12
      15      15      21      32      12
      15      21      32      32      12
      21      31      32      32      12
      21      31      31      32      12
      21      21      31      32      12
      15      21      21      32      12
       8       8      15      15       6
       8      15      15      15      12
      15      15      15      32      12
      15      15      32      32       6
       8       8       8      15      12
       8       8      15      15      12
       8      15      15      15      12
       8      15      15      15      12
       8       8      15      15      12
       8       8       8      15      12
      30      31      32      50      12
      31      32      43      50      12
      32      38      43      50      12
      28      29      31      49      12
      29      31      47      49      12
      31      43      47      49      12
      31      43      49      50      12
      30      31      49      50      12
      28      30      31      49      12
      24      25      29      46      12
      25      29      46      47      12
      29      46      47      47      12
      29      46      47      49      12
      28      29      46      49      12
      24      28      29      46      12
      19      20      25      42      12
      20      25      42      43      12
      25      42      43      47      12
      25      42      46      47      12
      24      25      42      46      12
      19      24      25      42      12
      13      14      20      37      12
      14      20      37      38      12
      20      37      38      43      12
      20      37      42      43      12
      19      20      37      42      12
      13      19      20      37      12
       6       7       7      13      12
       7       7      13      14      12
       7      13      14      14      12
       7      13      13      14      12
       6       7      13      13      12
       6       6       7      13      12
      27      28      30      48      12
      28      30      48      49      12
      30      48      49      50      12
      23      24      28      45      12
      24      28      45      46      12
      28      45      46      49      12
      28      45      48      49      12
      27      28      45      48      12
      23      27      28      45      12
      18      19      24      41      12
      19      24      41      42      12
      24      41      42      46      12
      24      41      45      46      12
      23      24      41      45      12
      18      23      24      41      12
      12      13      19      36      12
      13      19      36      37      12
      19      36      37      42      12
      19      36      41      42      12
      18      19      36      41      12
      12      18      19      36      12
       5       6       6      12      12
       6       6      12      13      12
       6      12      13      13      12
       6      12      12      13      12
       5       6      12      12      12
       5       5       6      12      12
      22      23      27      44      12
      23      27      44      45      12
      27      44      45      48      12
      17      18      23      40      12
      18      23      40      41      12
      23      40      41      45      12
      23      40      44      45      12
      22      23      40      44      12
      17      22      23      40      12
      11      12      18      35      12
      12      18      35      36      12
      18      35      36      41      12
      18      35      40      41      12
      17      18      35      40      12
      11      17      18      35      12
       4       5       5      11      12
       5       5      11      12      12
       5      11      12      12      12
       5      11      11      12      12
       4       5      11      11      12
       4       4       5      11      12
      16      17      22      39      12
      17      22      39      40      12
      22      39      40      44      12
      10      11      17      34      12
      11      17      34      35      12
      17      34      35      40      12
      17      34      39      40      12
      16      17      34      39      12
      10      16      17      34      12
       3       4       4      10      12
       4       4      10      11      12
       4      10      11      11      12
       4      10      10      11      12
       3       4      10      10      12
       3       3       4      10      12
       9      10      16      33      12
      10      16      33      34      12
      16      33      34      39      12
       2       3       3       9      12
       3       3       9      10      12
       3       9      10      10      12
       3       9       9      10      12
       2       3       9       9      12
       2       2       3       9      12
       1       2       2       2      12
       2       2       2       9      12
       2       2       9       9       6
       1       1       2       2       6
       1       1       1       2      12
       1       1       2       2      12
       1       2       2       2      12
      33      34      39      51      12
      34      35      40      52      12
      34      39      40      52      12
      34      39      51      52      12
      35      36      41      53      12
      35      40      41      53      12
      35      40      52      53      12
      36      37      42      54      12
      36      41      42      54      12
      36      41      53      54      12
      37      38      43      50      12
      37      42      43      50      12
      37      42      50      54      12
      30      31      32      32      12
      30      31      31      32      12
      30      30      31      32      12
      37      38      42      54      12
      38      42      43      54      12
      38      43      50      54      12
      36      37      41      53      12
      37      41      42      53      12
      37      42      53      54      12
      35      36      40      52      12
      36      40      41      52      12
      36      41      52      53      12
      34      35      39      51      12
      35      39      40      51      12
      35      40      51      52      12
      33      34      34      39      12
      34      34      39      39      12
      34      39      39      51      12
       9       9      10      16      12
       9      10      10      16      12
       9      10      16      16      12
      39      40      44      55      12
      39      40      52      55      12
      39      51      52      55      12
      40      41      45      56      12
      40      41      53      56      12
      40      52      53      56      12
      40      52      55      56      12
      40      44      55      56      12
      40      44      45      56      12
      41      42      46      57      12
      41      42      54      57      12
      41      53      54      57      12
      41      53      56      57      12
      41      45      56      57      12
      41      45      46      57      12
      42      43      47      49      12
      42      43      49      50      12
      42      49      50      54      12
      42      49      54      57      12
      42      46      49      57      12
      42      46      47      49      12
      28      29      31      31      12
      28      30      31      31      12
      28      30      30      31      12
      28      28      30      31      12
      28      28      29      31      12
      28      29      29      31      12
      42      43      46      57      12
      42      43      54      57      12
      43      50      54      57      12
      43      49      50      57      12
      43      47      49      57      12
      43      46      47      57      12
      41      42      45      56      12
      41      42      53      56      12
      42      53      54      56      12
      42      54      56      57      12
      42      46      56      57      12
      42      45      46      56      12
      40      41      44      55      12
      40      41      52      55      12
      41      52      53      55      12
      41      53      55      56      12
      41      45      55      56      12
      41      44      45      55      12
      39      40      40      52      12
      39      40      51      52      12
      40      51      52      52      12
      40      52      52      55      12
      40      44      52      55      12
      40      40      44      52      12
      34      35      39      40      12
      34      39      39      40      12
      39      39      40      51      12
      39      40      51      52      12
      39      40      40      52      12
      35      39      40      40      12
      10      10      11      17      12
      10      10      16      17      12
      10      16      16      17      12
      10      16      17      17      12
      10      11      17      17      12
      10      11      11      17      12
      44      45      48      58      12
      44      45      56      58      12
      44      55      56      58      12
      45      46      49      57      12
      45      46      57      57      12
      45      56      57      57      12
      45      56      57      58      12
      45      48      57      58      12
      45      48      49      57      12
      46      46      47      47       6
      46      46      47      49      12
      46      46      49      57      12
      46      46      57      57       6
      24      25      29      29      12
      24      28      29      29      12
      24      28      28      29      12
      24      24      28      29      12
      24      24      25      29      12
      24      25      25      29      12
      46      47      49      57      12
      46      47      57      57      12
      47      49      57      57      12
      46      47      49      57      12
      46      47      47      57      12
      47      47      49      57      12
      45      46      48      58      12
      45      46      56      58      12
      46      56      57      58      12
      46      57      57      58      12
      46      49      57      58      12
      46      48      49      58      12
      44      45      45      56      12
      44      45      55      56      12
      45      55      56      56      12
      45      56      56      58      12
      45      48      56      58      12
      45      45      48      56      12
      40      41      44      53      12
      40      44      52      53      12
      44      52      53      55      12
      44      53      55      56      12
      44      45      53      56      12
      41      44      45      53      12
      35      36      40      41      12
      35      40      40      41      12
      40      40      41      52      12
      40      41      52      53      12
      40      41      41      53      12
      36      40      41      41      12
      11      11      12      18      12
      11      11      17      18      12
      11      17      17      18      12
      11      17      18      18      12
      11      12      18      18      12
      11      12      12      18      12
      48      49      50      54      12
      48      49      54      57      12
      48      54      57      58      12
      19      20      25      25      12
      19      24      25      25      12
      19      24      24      25      12
      19      19      24      25      12
      19      19      20      25      12
      19      20      20      25      12
      47      49      50      54      12
      47      49      54      57      12
      46      47      54      57      12
      42      46      47      54      12
      42      43      47      54      12
      43      47      50      54      12
      48      49      49      57      12
      48      49      57      58      12
      49      57      57      58      12
      49      54      57      57      12
      49      50      54      57      12
      49      49      50      57      12
      45      46      48      57      12
      45      48      56      57      12
      48      56      57      58      12
      48      57      57      58      12
      48      49      57      57      12
      46      48      49      57      12
      41      42      45      54      12
      41      45      53      54      12
      45      53      54      56      12
      45      54      56      57      12
      45      46      54      57      12
      42      45      46      54      12
      36      37      41      42      12
      36      41      41      42      12
      41      41      42      53      12
      41      42      53      54      12
      41      42      42      54      12
      37      41      42      42      12
      12      12      13      19      12
      12      12      18      19      12
      12      18      18      19      12
      12      18      19      19      12
      12      13      19      19      12
      12      13      13      19      12
      13      14      20      20      12
      13      19      20      20      12
      13      19      19      20      12
      13      13      19      20      12
      13      13      14      20      12
      13      14      14      20      12
      42      43      43      50      12
      42      43      50      54      12
      42      42      43      54      12
      37      42      42      43      12
      37      38      42      43      12
      38      42      43      43      12
      46      47      49      50      12
      46      49      50      57      12
      46      50      54      57      12
      42      46      50      54      12
      42      43      46      50      12
      43      46      47      50      12
      46      47      49      49      12
      46      49      49      57      12
      49      49      57      57       6
      47      47      49      49       6
       6       7       7       7      12
       6       6       7       7      12
       6       6       6       7      12
      14      19      20      20      12
      14      19      19      20      12
      13      14      19      19      12
      13      13      14      19      12
      13      14      14      19      12
      14      14      19      20      12
      20      24      25      25      12
      20      24      24      25      12
      19      20      24      24      12
      19      19      20      24      12
      19      20      20      24      12
      20      20      24      25      12
      25      28      29      29      12
      25      28      28      29      12
      24      25      28      28      12
      24      24      25      28      12
      24      25      25      28      12
      25      25      28      29      12
      29      30      31      31      12
      29      30      30      31      12
      28      29      30      30      12
      28      28      29      30      12
      28      29      29      30      12
      29      29      30      31      12
      31      31      32      32       6
      31      31      31      32      12
      30      31      31      31      12
      30      30      31      31       6
      15      15      15      21      12
      15      15      21      21      12
      15      21      21      21      12
      15      21      21      21      12
      15      15      21      21      12
      15      15      15      21      12
      48      49      50      58      12
      49      50      57      58      12
      50      54      57      58      12
      45      46      49      56      12
      46      49      56      57      12
      49      56      57      57      12
      49      56      57      58      12
      48      49      56      58      12
      45      48      49      56      12
      41      42      46      53      12
      42      46      53      54      12
      46      53      54      57      12
      46      53      56      57      12
      45      46      53      56      12
      41      45      46      53      12
      12      13      13      18      12
      13      13      18      19      12
      13      18      19      19      12
      13      18      18      19      12
      12      13      18      18      12
      12      12      13      18      12
      44      45      48      55      12
      45      48      55      56      12
      48      55      56      58      12
      40      41      45      52      12
      41      45      52      53      12
      45      52      53      56      12
      45      52      55      56      12
      44      45      52      55      12
      40      44      45      52      12
      11      12      12      17      12
      12      12      17      18      12
      12      17      18      18      12
      12      17      17      18      12
      11      12      17      17      12
      11      11      12      17      12
      39      40      44      51      12
      40      44      51      52      12
      44      51      52      55      12
      10      11      11      16      12
      11      11      16      17      12
      11      16      17      17      12
      11      16      16      17      12
      10      11      16      16      12
      10      10      11      16      12
       9      10      10      10      12
      10      10      10      16      12
      10      10      16      16       6
       9       9      10      10       6
       2       2       2       3      12
       2       2       3       3      12
       2       3       3       3      12
      51      52      55      59      12
      52      53      56      60      12
      52      55      56      60      12
      52      55      59      60      12
      53      54      57      58      12
      53      56      57      58      12
      53      56      58      60      12
      27      28      30      30      12
      27      28      28      30      12
      27      27      28      30      12
      53      54      56      60      12
      54      56      57      60      12
      54      57      58      60      12
      52      53      55      59      12
      53      55      56      59      12
      53      56      59      60      12
      51      52      52      55      12
      52      52      55      55      12
      52      55      55      59      12
      16      16      17      22      12
      16      17      17      22      12
      16      17      22      22      12
      55      56      58      60      12
      55      56      60      60      12
      55      59      60      60      12
      56      56      57      57       6
      56      56      57      58      12
      56      56      58      60      12
      56      56      60      60       6
      23      24      28      28      12
      23      27      28      28      12
      23      27      27      28      12
      23      23      27      28      12
      23      23      24      28      12
      23      24      24      28      12
      56      57      58      60      12
      56      57      60      60      12
      57      58      60      60      12
      56      57      58      60      12
      56      57      57      60      12
      57      57      58      60      12
      55      56      56      60      12
      55      56      59      60      12
      56      59      60      60      12
      56      60      60      60      12
      56      58      60      60      12
      56      56      58      60      12
      52      53      55      56      12
      52      55      55      56      12
      55      55      56      59      12
      55      56      59      60      12
      55      56      56      60      12
      53      55      56      56      12
      17      17      18      23      12
      17      17      22      23      12
      17      22      22      23      12
      17      22      23      23      12
      17      18      23      23      12
      17      18      18      23      12
      18      19      24      24      12
      18      23      24      24      12
      18      23      23      24      12
      18      18      23      24      12
      18      18      19      24      12
      18      19      19      24      12
      56      57      57      58      12
      56      57      58      60      12
      56      56      57      60      12
      53      56      56      57      12
      53      54      56      57      12
      54      56      57      57      12
      56      57      58      58      12
      56      58      58      60      12
      58      58      60      60       6
      57      57      58      58       6
       5       6       6       6      12
       5       5       6       6      12
       5       5       5       6      12
      19      23      24      24      12
      19      23      23      24      12
      18      19      23      23      12
      18      18      19      23      12
      18      19      19      23      12
      19      19      23      24      12
      24      27      28      28      12
      24      27      27      28      12
      23      24      27      27      12
      23      23      24      27      12
      23      24      24      27      12
      24      24      27      28      12
      28      28      30      30       6
      28      28      28      30      12
      27      28      28      28      12
      27      27      28      28       6
      21      21      21      26      12
      21      21      26      26      12
      21      26      26      26      12
      21      26      26      26      12
      21      21      26      26      12
      21      21      21      26      12
      55      56      58      59      12
      56      58      59      60      12
      58      59      60      60      12
      17      18      18      22      12
      18      18      22      23      12
      18      22      23      23      12
      18      22      22      23      12
      17      18      22      22      12
      17      17      18      22      12
      16      17      17      17      12
      17      17      17      22      12
      17      17      22      22       6
      16      16      17      17       6
       3       3       3       4      12
       3       3       4       4      12
       3       4       4       4      12
      59      59      60      60       6
      22      23      27      27      12
      22      23      23      27      12
      22      22      23      27      12
      59      60      60      60      12
      60      60      60      60       6
       4       5       5       5      12
       4       4       5       5      12
       4       4       4       5      12
      23      23      27      27       6
      23      23      23      27      12
      22      23      23      23      12
      22      22      23      23       6
      26      26      26      26      12
      26      26      26      26       6
      26      26      26      26      12
      26      26      26      26       6
       1       1       1       1       6
       8       8       8       8      12
       8       8       8       8       6
