# k(0:nx, 0:ny, 0:nz) <= 49
# nx, ny, nz
 12 12 12
#
     1     2     3     4     5     6     7     8     9    10    11    12
     1     2    13    14    15    16    17    18    19    20    21    22
    23     2     3    14     3    24    25    26    27    28    27    26
    25    24     3     4    15    24    10    21    26    29    30    31
    29    32    33     4     5    16    25    21    34    17    35    36
    37    30    38    39     5     6    17    26    26    17     6    40
    41    31    31    41    40     6     7    18    27    29    35    40
     7    18    27    29    35    40     7     8    19    28    30    36
    41    18    42    20    32    43    39     8     9    20    27    31
    37    31    27    20     9    33    44    33     9    10    21    26
    29    30    31    29    32    33     4    15    24    10    11    22
    25    32    38    41    35    43    44    15    45    23    11    12
    23    24    33    39    40    40    39    33    24    23    12    12
     1     2     3     4     5     6     7     8     9    10    11    12
     1     2    13    14    15    16    17    18    19    20    21    22
    23     2    13    46    13    45    47    34    42    48    42    34
    47    45    13    14    13     2    23    22    21    20    19    18
    17    16    15    14    15    45    23    11    22    25    32    38
    41    35    43    44    15    16    47    22    22    47    16    43
    49    36    36    49    43    16    17    34    21    25    16     5
    39    38    30    37    36    35    17    18    42    20    32    43
    39     8    19    28    30    36    41    18    19    48    19    38
    49    38    19    48    19    38    49    38    19    20    42    18
    41    36    30    28    19     8    39    43    32    20    21    34
    17    35    36    37    30    38    39     5    16    25    21    22
    47    16    43    49    36    36    49    43    16    47    22    22
    23    45    15    44    43    35    41    38    32    25    22    11
    23     2    13    14    15    16    17    18    19    20    21    22
    23     2     3    14     3    24    25    26    27    28    27    26
    25    24     3    14    13     2    23    22    21    20    19    18
    17    16    15    14     3     2     1    12    11    10     9     8
     7     6     5     4     3    24    23    12    12    23    24    33
    39    40    40    39    33    24    25    22    11    23    45    15
    44    43    35    41    38    32    25    26    21    10    24    15
     4    33    32    29    31    30    29    26    27    20     9    33
    44    33     9    20    27    31    37    31    27    28    19     8
    39    43    32    20    42    18    41    36    30    28    27    18
     7    40    35    29    27    18     7    40    35    29    27    26
    17     6    40    41    31    31    41    40     6    17    26    26
    25    16     5    39    38    30    37    36    35    17    34    21
    25    24    15     4    33    32    29    31    30    29    26    21
    10    24     3    14     3    24    25    26    27    28    27    26
    25    24     3     4    15    24    10    21    26    29    30    31
    29    32    33     4    15    45    23    11    22    25    32    38
    41    35    43    44    15    24    23    12    12    23    24    33
    39    40    40    39    33    24    10    11    12     1     2     3
     4     5     6     7     8     9    10    21    22    23     2    13
    14    15    16    17    18    19    20    21    26    25    24     3
    14     3    24    25    26    27    28    27    26    29    32    33
     4    15    24    10    21    26    29    30    31    29    30    38
    39     5    16    25    21    34    17    35    36    37    30    31
    41    40     6    17    26    26    17     6    40    41    31    31
    29    35    40     7    18    27    29    35    40     7    18    27
    29    32    43    39     8    19    28    30    36    41    18    42
    20    32    33    44    33     9    20    27    31    37    31    27
    20     9    33     4    15    24    10    21    26    29    30    31
    29    32    33     4     5    16    25    21    34    17    35    36
    37    30    38    39     5    16    47    22    22    47    16    43
    49    36    36    49    43    16    25    22    11    23    45    15
    44    43    35    41    38    32    25    21    22    23     2    13
    14    15    16    17    18    19    20    21    34    47    45    13
    46    13    45    47    34    42    48    42    34    17    16    15
    14    13     2    23    22    21    20    19    18    17    35    43
    44    15    45    23    11    22    25    32    38    41    35    36
    49    43    16    47    22    22    47    16    43    49    36    36
    37    36    35    17    34    21    25    16     5    39    38    30
    37    30    36    41    18    42    20    32    43    39     8    19
    28    30    38    49    38    19    48    19    38    49    38    19
    48    19    38    39    43    32    20    42    18    41    36    30
    28    19     8    39     5    16    25    21    34    17    35    36
    37    30    38    39     5     6    17    26    26    17     6    40
    41    31    31    41    40     6    17    34    21    25    16     5
    39    38    30    37    36    35    17    26    21    10    24    15
     4    33    32    29    31    30    29    26    26    25    24     3
    14     3    24    25    26    27    28    27    26    17    16    15
    14    13     2    23    22    21    20    19    18    17     6     5
     4     3     2     1    12    11    10     9     8     7     6    40
    39    33    24    23    12    12    23    24    33    39    40    40
    41    38    32    25    22    11    23    45    15    44    43    35
    41    31    30    29    26    21    10    24    15     4    33    32
    29    31    31    37    31    27    20     9    33    44    33     9
    20    27    31    41    36    30    28    19     8    39    43    32
    20    42    18    41    40    35    29    27    18     7    40    35
    29    27    18     7    40     6    17    26    26    17     6    40
    41    31    31    41    40     6     7    18    27    29    35    40
     7    18    27    29    35    40     7    18    42    20    32    43
    39     8    19    28    30    36    41    18    27    20     9    33
    44    33     9    20    27    31    37    31    27    29    32    33
     4    15    24    10    21    26    29    30    31    29    35    43
    44    15    45    23    11    22    25    32    38    41    35    40
    39    33    24    23    12    12    23    24    33    39    40    40
     7     8     9    10    11    12     1     2     3     4     5     6
     7    18    19    20    21    22    23     2    13    14    15    16
    17    18    27    28    27    26    25    24     3    14     3    24
    25    26    27    29    30    31    29    32    33     4    15    24
    10    21    26    29    35    36    37    30    38    39     5    16
    25    21    34    17    35    40    41    31    31    41    40     6
    17    26    26    17     6    40     7    18    27    29    35    40
     7    18    27    29    35    40     7     8    19    28    30    36
    41    18    42    20    32    43    39     8    19    48    19    38
    49    38    19    48    19    38    49    38    19    28    19     8
    39    43    32    20    42    18    41    36    30    28    30    38
    39     5    16    25    21    34    17    35    36    37    30    36
    49    43    16    47    22    22    47    16    43    49    36    36
    41    38    32    25    22    11    23    45    15    44    43    35
    41    18    19    20    21    22    23     2    13    14    15    16
    17    18    42    48    42    34    47    45    13    46    13    45
    47    34    42    20    19    18    17    16    15    14    13     2
    23    22    21    20    32    38    41    35    43    44    15    45
    23    11    22    25    32    43    49    36    36    49    43    16
    47    22    22    47    16    43    39    38    30    37    36    35
    17    34    21    25    16     5    39     8    19    28    30    36
    41    18    42    20    32    43    39     8     9    20    27    31
    37    31    27    20     9    33    44    33     9    20    42    18
    41    36    30    28    19     8    39    43    32    20    27    18
     7    40    35    29    27    18     7    40    35    29    27    31
    41    40     6    17    26    26    17     6    40    41    31    31
    37    36    35    17    34    21    25    16     5    39    38    30
    37    31    30    29    26    21    10    24    15     4    33    32
    29    31    27    28    27    26    25    24     3    14     3    24
    25    26    27    20    19    18    17    16    15    14    13     2
    23    22    21    20     9     8     7     6     5     4     3     2
     1    12    11    10     9    33    39    40    40    39    33    24
    23    12    12    23    24    33    44    43    35    41    38    32
    25    22    11    23    45    15    44    33    32    29    31    30
    29    26    21    10    24    15     4    33     9    20    27    31
    37    31    27    20     9    33    44    33     9    10    21    26
    29    30    31    29    32    33     4    15    24    10    21    34
    17    35    36    37    30    38    39     5    16    25    21    26
    17     6    40    41    31    31    41    40     6    17    26    26
    29    35    40     7    18    27    29    35    40     7    18    27
    29    30    36    41    18    42    20    32    43    39     8    19
    28    30    31    37    31    27    20     9    33    44    33     9
    20    27    31    29    30    31    29    32    33     4    15    24
    10    21    26    29    32    38    41    35    43    44    15    45
    23    11    22    25    32    33    39    40    40    39    33    24
    23    12    12    23    24    33     4     5     6     7     8     9
    10    11    12     1     2     3     4    15    16    17    18    19
    20    21    22    23     2    13    14    15    24    25    26    27
    28    27    26    25    24     3    14     3    24    10    21    26
    29    30    31    29    32    33     4    15    24    10    11    22
    25    32    38    41    35    43    44    15    45    23    11    22
    47    16    43    49    36    36    49    43    16    47    22    22
    25    16     5    39    38    30    37    36    35    17    34    21
    25    32    43    39     8    19    28    30    36    41    18    42
    20    32    38    49    38    19    48    19    38    49    38    19
    48    19    38    41    36    30    28    19     8    39    43    32
    20    42    18    41    35    36    37    30    38    39     5    16
    25    21    34    17    35    43    49    36    36    49    43    16
    47    22    22    47    16    43    44    43    35    41    38    32
    25    22    11    23    45    15    44    15    16    17    18    19
    20    21    22    23     2    13    14    15    45    47    34    42
    48    42    34    47    45    13    46    13    45    23    22    21
    20    19    18    17    16    15    14    13     2    23    11    22
    25    32    38    41    35    43    44    15    45    23    11    12
    23    24    33    39    40    40    39    33    24    23    12    12
    23    45    15    44    43    35    41    38    32    25    22    11
    23    24    15     4    33    32    29    31    30    29    26    21
    10    24    33    44    33     9    20    27    31    37    31    27
    20     9    33    39    43    32    20    42    18    41    36    30
    28    19     8    39    40    35    29    27    18     7    40    35
    29    27    18     7    40    40    41    31    31    41    40     6
    17    26    26    17     6    40    39    38    30    37    36    35
    17    34    21    25    16     5    39    33    32    29    31    30
    29    26    21    10    24    15     4    33    24    25    26    27
    28    27    26    25    24     3    14     3    24    23    22    21
    20    19    18    17    16    15    14    13     2    23    12    11
    10     9     8     7     6     5     4     3     2     1    12    12
    23    24    33    39    40    40    39    33    24    23    12    12
     1     2     3     4     5     6     7     8     9    10    11    12
     1     2    13    14    15    16    17    18    19    20    21    22
    23     2     3    14     3    24    25    26    27    28    27    26
    25    24     3     4    15    24    10    21    26    29    30    31
    29    32    33     4     5    16    25    21    34    17    35    36
    37    30    38    39     5     6    17    26    26    17     6    40
    41    31    31    41    40     6     7    18    27    29    35    40
     7    18    27    29    35    40     7     8    19    28    30    36
    41    18    42    20    32    43    39     8     9    20    27    31
    37    31    27    20     9    33    44    33     9    10    21    26
    29    30    31    29    32    33     4    15    24    10    11    22
    25    32    38    41    35    43    44    15    45    23    11    12
    23    24    33    39    40    40    39    33    24    23    12    12
     1     2     3     4     5     6     7     8     9    10    11    12
     1
