 (////i6)
# 12 12 12; 1/2 1/2 1/2
#      2      1      1
#      1      2      1
#      1      1      2
     1
 (2i12)
         222        2592
 (5i8)
       1       2      13      46      12
       2       3      13      14      12
       2      13      13      14      12
       2      13      13      46      12
       3       4      15      45      12
       3      14      15      45      12
       3      13      14      45      12
       4       5      16      47      12
       4      15      16      47      12
       4      15      45      47      12
       5       6      17      34      12
       5      16      17      34      12
       5      16      34      47      12
       6       7      18      42      12
       6      17      18      42      12
       6      17      34      42      12
       7       8      19      48      12
       7      18      19      48      12
       7      18      42      48      12
       8       9      20      42      12
       8      19      20      42      12
       8      19      42      48      12
       9      10      21      34      12
       9      20      21      34      12
       9      20      34      42      12
      10      11      22      47      12
      10      21      22      47      12
      10      21      34      47      12
      11      12      23      45      12
      11      22      23      45      12
      11      22      45      47      12
       1       2      12      13      12
       2      12      13      23      12
      12      13      23      45      12
      14      15      23      24      12
      14      15      23      45      12
      13      14      23      45      12
       2      13      14      23      12
       2       3      14      23      12
       3      14      23      24      12
      15      16      22      25      12
      15      16      22      47      12
      15      22      45      47      12
      15      22      23      45      12
      15      22      23      24      12
      15      22      24      25      12
      16      17      21      26      12
      16      17      21      34      12
      16      21      34      47      12
      16      21      22      47      12
      16      21      22      25      12
      16      21      25      26      12
      17      18      20      27      12
      17      18      20      42      12
      17      20      34      42      12
      17      20      21      34      12
      17      20      21      26      12
      17      20      26      27      12
      18      19      19      28      12
      18      19      19      48      12
      18      19      42      48      12
      18      19      20      42      12
      18      19      20      27      12
      18      19      27      28      12
       3      10      11      24      12
       3      11      23      24      12
       2       3      11      23      12
      21      22      24      25      12
      22      22      24      25      12
      22      22      23      24      12
      11      22      23      24      12
      10      11      22      24      12
      10      21      22      24      12
      25      25      26      26       6
      21      25      25      26      12
      21      22      25      25      12
      22      22      25      25       6
      26      27      29      32      12
      20      26      27      32      12
      20      21      26      32      12
      21      25      26      32      12
      25      26      26      32      12
      26      26      29      32      12
      27      28      30      38      12
      19      27      28      38      12
      19      20      27      38      12
      20      27      32      38      12
      27      29      32      38      12
      27      29      30      38      12
      27      28      31      41      12
      18      27      28      41      12
      18      19      28      41      12
      19      28      38      41      12
      28      30      38      41      12
      28      30      31      41      12
      26      27      29      35      12
      17      26      27      35      12
      17      18      27      35      12
      18      27      35      41      12
      27      31      35      41      12
      27      29      31      35      12
      25      26      32      43      12
      16      25      26      43      12
      16      17      26      43      12
      17      26      35      43      12
      26      29      35      43      12
      26      29      32      43      12
      24      25      33      44      12
      15      24      25      44      12
      15      16      25      44      12
      16      25      43      44      12
      25      32      43      44      12
      25      32      33      44      12
       3       4      15      24      12
       3      14      15      24      12
      14      15      15      24      12
      15      15      24      44      12
      15      24      33      44      12
       4      15      24      33      12
      29      30      36      49      12
      29      30      38      49      12
      29      32      38      49      12
      29      32      43      49      12
      29      35      43      49      12
      29      35      36      49      12
      30      31      36      37      12
      30      31      36      41      12
      30      36      38      41      12
      30      36      38      49      12
      30      36      36      49      12
      30      36      36      37      12
      29      30      31      36      12
      29      31      35      36      12
      31      35      36      41      12
      31      36      36      41      12
      31      36      36      37      12
      30      31      36      37      12
      32      33      39      43      12
      32      33      43      44      12
      32      43      43      44      12
      32      43      43      49      12
      32      38      43      49      12
      32      38      39      43      12
       4       5      16      33      12
       4      15      16      33      12
      15      16      33      44      12
      16      33      43      44      12
      16      33      39      43      12
       5      16      33      39      12
      17      35      39      40      12
      17      35      39      43      12
      16      17      39      43      12
       5      16      17      39      12
       5       6      17      39      12
       6      17      39      40      12
      35      36      38      41      12
      35      36      38      49      12
      35      38      43      49      12
      35      38      39      43      12
      35      38      39      40      12
      35      38      40      41      12
      30      31      37      37      12
      30      36      37      37      12
      36      36      37      37       6
      31      31      37      37       6
       6       7       8      40      12
       6       8      39      40      12
       5       6       8      39      12
      18      19      40      41      12
      19      38      40      41      12
      19      38      39      40      12
       8      19      39      40      12
       7       8      19      40      12
       7      18      19      40      12
      29      30      31      31      12
      30      31      31      37      12
      30      30      31      37      12
      28      30      30      31      12
      27      28      30      31      12
      27      29      30      31      12
      40      40      41      41       6
      35      40      41      41      12
      35      36      41      41      12
      36      36      41      41       6
       6       7      18      40      12
       6      17      18      40      12
      17      18      35      40      12
      18      35      40      41      12
      18      40      40      41      12
       7      18      40      40      12
      20      32      33      39      12
      20      32      38      39      12
      19      20      38      39      12
       8      19      20      39      12
       8       9      20      39      12
       9      20      33      39      12
       4       5       9      33      12
       5       9      33      39      12
       5       8       9      39      12
       9      10      21      33      12
       9      20      21      33      12
      20      21      32      33      12
      21      25      32      33      12
      21      24      25      33      12
      10      21      24      33      12
      11      12      23      23      12
      11      22      23      23      12
      22      22      23      23       6
      12      12      23      23       6
       1       2      12      12      12
       2      12      12      23      12
       2      11      12      23      12
       1       1      12      12       6
       4       9      10      33      12
       4      10      24      33      12
       3       4      10      24      12
       6       7       7      40      12
       7       7      40      40       6
      29      29      31      31       6
      27      29      29      31      12
      26      27      29      29      12
      26      26      29      29       6
