 (i6, f12.0, f18.0, f8.3, i6)
   721  60.0000000  0.02500000000000  65.000     2
 (3e22.14)
  2.26537664545865e-05  2.36731280737897e-05  2.47383564089519e-05
  2.58515151219338e-05  2.70147607143986e-05  2.82303467037888e-05
  2.95006279870906e-05  3.08280654008272e-05  3.22152304861006e-05
  3.36648104678963e-05  3.51796134583040e-05  3.67625738936561e-05
  3.84167582161979e-05  4.01453708111361e-05  4.19517602107524e-05
  4.38394255772682e-05  4.58120234774576e-05  4.78733749614215e-05
  5.00274729602200e-05  5.22784900151646e-05  5.46307863559511e-05
  5.70889183398915e-05  5.96576472732970e-05  6.23419486262396e-05
  6.51470216644210e-05  6.80782995117975e-05  7.11414596671118e-05
  7.43424349913410e-05  7.76874251916983e-05  8.11829088176463e-05
  8.48356558014956e-05  8.86527405565889e-05  9.26415556694947e-05
  9.68098262035191e-05  1.01165624647397e-04  1.05717386534304e-04
  1.10473926763967e-04  1.15444456656217e-04  1.20638601773665e-04
  1.26066420540869e-04  1.31738423705694e-04  1.37665594668451e-04
  1.43859410730285e-04  1.50331865291423e-04  1.57095491049994e-04
  1.64163384239009e-04  1.71549229957814e-04  1.79267328632279e-04
  1.87332623675129e-04  1.95760730375394e-04  2.04567966096823e-04
  2.13771381823623e-04  2.23388795127880e-04  2.33438824614103e-04
  2.43940925912919e-04  2.54915429286423e-04  2.66383578927916e-04
  2.78367574016439e-04  2.90890611626395e-04  3.03976931548837e-04
  3.17651863137286e-04  3.31941874245713e-04  3.46874622369922e-04
  3.62479008075224e-04  3.78785230833906e-04  3.95824847348202e-04
  4.13630832515183e-04  4.32237643097860e-04  4.51681284277320e-04
  4.71999379170706e-04  4.93231241478001e-04  5.15417951379601e-04
  5.38602434842750e-04  5.62829546474190e-04  5.88146156100261e-04
  6.14601239207831e-04  6.42245971467898e-04  6.71133827454525e-04
  7.01320683833543e-04  7.32864927130868e-04  7.65827566361804e-04
  8.00272350684388e-04  8.36265892334091e-04  8.73877795052490e-04
  9.13180788283137e-04  9.54250867350050e-04  9.97167439948025e-04
  1.04201347913987e-03  1.08887568325710e-03  1.13784464290310e-03
  1.18901501546794e-03  1.24248570741955e-03  1.29836006478166e-03
  1.35674607207793e-03  1.41775656024304e-03  1.48150942374784e-03
  1.54812784750101e-03  1.61774054383869e-03  1.69048200013902e-03
  1.76649273746031e-03  1.84591958078928e-03  1.92891594126943e-03
  2.01564211114620e-03  2.10626557175019e-03  2.20096131533916e-03
  2.29991218121639e-03  2.40330920690397e-03  2.51135199491115e-03
  2.62424909595941e-03  2.74221840914826e-03  2.86548760011533e-03
  2.99429453768594e-03  3.12888775007649e-03  3.26952690134309e-03
  3.41648328911766e-03  3.57004036438318e-03  3.73049427455175e-03
  3.89815443047089e-03  4.07334409889854e-03  4.25640102109093e-03
  4.44767805905087e-03  4.64754387038562e-03  4.85638361319810e-03
  5.07459968221961e-03  5.30261247769860e-03  5.54086120828103e-03
  5.78980472967930e-03  6.04992242026008e-03  6.32171509579964e-03
  6.60570596434821e-03  6.90244162376878e-03  7.21249310313270e-03
  7.53645695038227e-03  7.87495636798637e-03  8.22864239890300e-03
  8.59819516479383e-03  8.98432515915310e-03  9.38777459719051e-03
  9.80931882571846e-03  1.02497677947090e-02  1.07099675941804e-02
  1.11908020584279e-02  1.16931944411578e-02  1.22181091640306e-02
  1.27665536425643e-02  1.33395801915884e-02  1.39382880153153e-02
  1.45638252837556e-02  1.52173913011283e-02  1.59002387686588e-02
  1.66136761469176e-02  1.73590701213377e-02  1.81378481758089e-02
  1.89515012784406e-02  1.98015866851355e-02  2.06897308648047e-02
  2.16176325531182e-02  2.25870659382216e-02  2.35998839861643e-02
  2.46580219101988e-02  2.57635007914437e-02  2.69184313560991e-02
  2.81250179175133e-02  2.93855624875675e-02  3.07024690680482e-02
  3.20782481254180e-02  3.35155212608683e-02  3.50170260804517e-02
  3.65856212760372e-02  3.82242919245172e-02  3.99361550153849e-02
  4.17244652150218e-02  4.35926208793388e-02  4.55441703224607e-02
  4.75828183557123e-02  4.97124331036280e-02  5.19370531129797e-02
  5.42608947630024e-02  5.66883599921435e-02  5.92240443516038e-02
  6.18727454025997e-02  6.46394714658987e-02  6.75294507455136e-02
  7.05481408326529e-02  7.37012386142438e-02  7.69946905949202e-02
  8.04347036541049e-02  8.40277562525347e-02  8.77806101082562e-02
  9.17003223581345e-02  9.57942582278791e-02  1.00070104224985e-01
  1.04535881883318e-01  1.09199962069201e-01  1.14071079885302e-01
  1.19158350180430e-01  1.24471283701390e-01  1.30019803902374e-01
  1.35814264442532e-01  1.41865467393792e-01  1.48184682190453e-01
  1.54783665341259e-01  1.61674680942712e-01  1.68870522008903e-01
  1.76384532665478e-01  1.84230631221234e-01  1.92423334164507e-01
  2.00977781105921e-01  2.09909760711987e-01  2.19235737650315e-01
  2.28972880602604e-01  2.39139091357249e-01  2.49753035043989e-01
  2.60834171529173e-01  2.72402788025359e-01  2.84480032943639e-01
  2.97087951045671e-01  3.10249519913692e-01  3.23988687814773e-01
  3.38330412963434e-01  3.53300704266336e-01  3.68926663562307e-01
  3.85236529427041e-01  4.02259722568241e-01  4.20026892885944e-01
  4.38569968205650e-01  4.57922204781275e-01  4.78118239567267e-01
  4.99194144348011e-01  5.21187481744819e-01  5.44137363172708e-01
  5.68084508764456e-01  5.93071309356501e-01  6.19141890519081e-01
  6.46342178754751e-01  6.74719969834491e-01  7.04324999378716e-01
  7.35209015680375e-01  7.67425854852751e-01  8.01031518287259e-01
  8.36084252536774e-01  8.72644631563628e-01  9.10775641479322e-01
  9.50542767727241e-01  9.92014084788061e-01  1.03526034838194e+00
  1.08035509024333e+00  1.12737471538789e+00  1.17639860200264e+00
  1.22750920380692e+00  1.28079215502382e+00  1.33633637782371e+00
  1.39423419230363e+00  1.45458142888899e+00  1.51747754321667e+00
  1.58302573328562e+00  1.65133305902588e+00  1.72251056394378e+00
  1.79667339900575e+00  1.87394094843746e+00  1.95443695745635e+00
  2.03828966170336e+00  2.12563191827223e+00  2.21660133807491e+00
  2.31134041944619e+00  2.40999668259357e+00  2.51272280485749e+00
  2.61967675622501e+00  2.73102193506027e+00  2.84692730346983e+00
  2.96756752210525e+00  3.09312308382288e+00  3.22378044596836e+00
  3.35973216046459e+00  3.50117700162406e+00  3.64832009056707e+00
  3.80137301615269e+00  3.96055395130817e+00  4.12608776433205e+00
  4.29820612418921e+00  4.47714759911979e+00  4.66315774744970e+00
  4.85648919992006e+00  5.05740173212718e+00  5.26616232645421e+00
  5.48304522167931e+00  5.70833194977305e+00  5.94231135774717e+00
  6.18527961386071e+00  6.43754019611548e+00  6.69940386186553e+00
  6.97118859653198e+00  7.25321953999404e+00  7.54582888836792e+00
  7.84935576978279e+00  8.16414609126912e+00  8.49055235576783e+00
  8.82893344554027e+00  9.17965437114973e+00  9.54308598222386e+00
  9.91960463839865e+00  1.03095918371874e+01  1.07134337964394e+01
  1.11315209880693e+01  1.15642476208126e+01  1.20120110679891e+01
  1.24752112386206e+01  1.29542498867532e+01  1.34495298582005e+01
  1.39614542689139e+01  1.44904256138519e+01  1.50368448014471e+01
  1.56011101113435e+01  1.61836160713180e+01  1.67847522510352e+01
  1.74049019680413e+01  1.80444409047871e+01  1.87037356309895e+01
  1.93831420319158e+01  2.00830036358496e+01  2.08036498422383e+01
  2.15453940449810e+01  2.23085316512816e+01  2.30933379929885e+01
  2.39000661304637e+01  2.47289445468436e+01  2.55801747346395e+01
  2.64539286721423e+01  2.73503461948771e+01  2.82695322585439e+01
  2.92115541024326e+01  3.01764383106460e+01  3.11641677810136e+01
  3.21746786033864e+01  3.32078568570701e+01  3.42635353329321e+01
  3.53414901927074e+01  3.64414375727511e+01  3.75630301493611e+01
  3.87058536741955e+01  3.98694235033210e+01  4.10531811288070e+01
  4.22564907423123e+01  4.34786358442272e+01  4.47188159295622e+01
  4.59761432709062e+01  4.72496398344353e+01  4.85382343508028e+01
  4.98407595868804e+01  5.11559498403628e+01  5.24824387100479e+01
  5.38187571709282e+01  5.51633320073946e+01  5.65144846417565e+01
  5.78704304166249e+01  5.92292783684094e+01  6.05890315607236e+01
  6.19475880134879e+01  6.33027423013199e+01  6.46521878627072e+01
  6.59935200896440e+01  6.73242402447166e+01  6.86417602756848e+01
  6.99434085685861e+01  7.12264367145714e+01  7.24880273215638e+01
  7.37253029428889e+01  7.49353361498197e+01  7.61151608086549e+01
  7.72617845759972e+01  7.83722026699420e+01  7.94434129015556e+01
  8.04724320191258e+01  8.14563133257045e+01  8.23921655917691e+01
  8.32771732126296e+01  8.41086175917746e+01  8.48838996704111e+01
  8.56005635580681e+01  8.62563211354608e+01  8.68490775525970e+01
  8.73769574519614e+01  8.78383317842974e+01  8.82318450100608e+01
  8.85564425040078e+01  8.88113978938358e+01  8.89963401161482e+01
  8.91112798541773e+01  8.91566350904291e+01  8.91332554009368e+01
  8.90424446535590e+01  8.88859817073812e+01  8.86661387303682e+01
  8.83856966828919e+01  8.80479575725975e+01  8.76567529822239e+01
  8.72164484770370e+01  8.67319433853443e+01  8.62086655513808e+01
  8.56525605961216e+01  8.50700753015697e+01  8.44681347051678e+01
  8.38541126009321e+01  8.32357950982788e+01  8.26213370545665e+01
  8.20192111558779e+01  8.14381495931260e+01  8.08870782920368e+01
  8.03750438235546e+01  7.99111331532604e+01  7.95043865980690e+01
  7.91637043878849e+01  7.88977474543333e+01  7.87148331426904e+01
  7.86228267335233e+01  7.86290297830779e+01  7.87400664663548e+01
  7.89617692248658e+01  7.92990652049987e+01  7.97558650705060e+01
  8.03349559306794e+01  8.10379002166984e+01  8.18649424556934e+01
  8.28149259232941e+01  8.38852212737071e+01  8.50716691630003e+01
  8.63685389794407e+01  8.77685056319943e+01  8.92626463362877e+01
  9.08404591467001e+01  9.24899048265280e+01  9.41974733944740e+01
  9.59482764214714e+01  9.77261657972544e+01  9.95138793257748e+01
  1.01293213054670e+02  1.03045219787509e+02  1.04750432708375e+02
  1.06389112481267e+02  1.07941515643286e+02  1.09388181477203e+02
  1.10710233969203e+02  1.11889694857417e+02  1.12909803159071e+02
  1.13755336071666e+02  1.14412925549919e+02  1.14871364510848e+02
  1.15121896163454e+02  1.15158479764620e+02  1.14978025897798e+02
  1.14580594398312e+02  1.13969548119943e+02  1.13151656122827e+02
  1.12137140208116e+02  1.10939659536591e+02  1.09576228762737e+02
  1.08067066293701e+02  1.06435370434075e+02  1.04707022635087e+02
  1.02910218638344e+02  1.01075030055850e+02  9.92329007054644e+01
  9.74160840419523e+01  9.56570298447698e+01  9.39877303491127e+01
  9.24390377967364e+01  9.10399670858799e+01  8.98169987184550e+01
  8.87933984514238e+01  8.79885709232855e+01  8.74174650824067e+01
  8.70900491827094e+01  8.70108727766922e+01  8.71787320255850e+01
  8.75864532378254e+01  8.82208073205797e+01  8.90625653562816e+01
  9.00867021991760e+01  9.12627515725908e+01  9.25553120142876e+01
  9.39246988873295e+01  9.53277331576567e+01  9.67186532561960e+01
  9.80501319567952e+01  9.92743761636449e+01  1.00344283849204e+02
  1.01214629321998e+02  1.01843245675926e+02  1.02192171754813e+02
  1.02228730422781e+02  1.01926505367285e+02  1.01266185159448e+02
  1.00236245824159e+02  9.88334467619358e+01  9.70631192921906e+01
  9.49392325277091e+01  9.24842272561722e+01  8.97286151957364e+01
  8.67103479357438e+01  8.34739670727722e+01  8.00695541486365e+01
  7.65515058567421e+01  7.29771663009442e+01  6.94053536781968e+01
  6.58948233037453e+01  6.25027122799958e+01  5.92830130375572e+01
  5.62851233195448e+01  5.35525188570511e+01  5.11215919098630e+01
  4.90206940531224e+01  4.72694152839312e+01  4.58781237933154e+01
  4.48477820264844e+01  4.41700451824748e+01  4.38276385577187e+01
  4.37950004254777e+01  4.40391679014982e+01  4.45208747385587e+01
  4.51958226000609e+01  4.60160813154211e+01  4.69315692159581e+01
  4.78915621223255e+01  4.88461790620791e+01  4.97477944329985e+01
  5.05523300741422e+01  5.12203863812772e+01  5.17181789654208e+01
  5.20182559707165e+01  5.20999806425410e+01  5.19497734801452e+01
  5.15611179158248e+01  5.09343423528717e+01  5.00761992619660e+01
  4.89992684788535e+01  4.77212167145805e+01  4.62639484321898e+01
  4.46526846988105e+01  4.29150064419013e+01  4.10798969306532e+01
  3.91768154465959e+01  3.72348302898626e+01  3.52818347266156e+01
  3.33438645057197e+01  3.14445303787456e+01  2.96045738934045e+01
  2.78415497635952e+01  2.61696335202405e+01  2.45995490387464e+01
  2.31386070086834e+01  2.17908425389747e+01  2.05572379022170e+01
  1.94360149365240e+01  1.84229808315155e+01  1.75119108837180e+01
  1.66949522627405e+01  1.59630337990854e+01  1.53062682024370e+01
  1.47143348338757e+01  1.41768330851771e+01  1.36835984803666e+01
  1.32249756883322e+01  1.27920446846067e+01  1.23767982244223e+01
  1.19722705678312e+01  1.15726189710066e+01  1.11731608096123e+01
  1.07703703046427e+01  1.03618396687308e+01  9.94621008293791e+00
  9.52307825445404e+00  9.09288441163293e+00  8.65678748878451e+00
  8.21653296420370e+00  7.77431837888064e+00  7.33266101094326e+00
  6.89427154981359e+00  6.46193693932151e+00  6.03841486445499e+00
  5.62634168173629e+00  5.22815494136880e+00  4.84603106086910e+00
  4.48183816859493e+00  4.13710368136144e+00  3.81299578474246e+00
  3.51031767606309e+00  3.22951318982855e+00  2.97068225485793e+00
  2.73360453588011e+00  2.51776956560177e+00  2.32241169453712e+00
  2.14654824692076e+00  1.98901937884652e+00  1.84852827709013e+00
  1.72368050412249e+00  1.61302148198476e+00  1.51507130283395e+00
  1.42835624971890e+00  1.35143660010240e+00  1.28293045792327e+00
  1.22153351459991e+00  1.16603477038351e+00  1.11532835403264e+00
  1.06842166196999e+00  1.02444009851206e+00  9.82628740245699e-01
  9.42351273711123e-01  9.03086566513290e-01  8.64423235007151e-01
  8.26052565345369e-01  7.87760132635700e-01  7.49416446358712e-01
  7.10966929798347e-01  6.72421518427055e-01  6.33844136892969e-01
  5.95342287930609e-01  5.57056958755702e-01  5.19153022590634e-01
  4.81810284670203e-01  4.45215294228880e-01  4.09554016629590e-01
  3.75005433451771e-01  3.41736113074431e-01  3.09895770495655e-01
  2.79613812743422e-01  2.50996845709200e-01  2.24127099475244e-01
  1.99061712568008e-01  1.75832801083653e-01  1.54448226604572e-01
  1.34892967312133e-01  1.17130989957976e-01  1.01107516492006e-01
  8.67515781515480e-02  7.39787518262771e-02  6.26939783276459e-02
  5.27943696310537e-02  4.41719219505705e-02  3.67160631870224e-02
  3.03159764089138e-02  2.48626549914527e-02  2.02506592766257e-02
  1.63795585368891e-02  1.31550550704210e-02  1.04897989529193e-02
  8.30391194117378e-03  6.52524697899501e-03  5.08941560124295e-03
  3.93961918250257e-03  3.02632162797734e-03  2.30680084414926e-03
  1.74461456244699e-03  1.30901300376889e-03  9.74326970345390e-04
  7.19355426073554e-04  5.26771939210478e-04  3.82564687139183e-04
  2.75520353378147e-04  1.96758322837150e-04  1.39318217793846e-04
  9.78010689828912e-05  6.80622887226358e-05  4.69530744907615e-05
  3.21058623362720e-05  2.17588930202630e-05  1.46147650685520e-05
  9.72794232609821e-06  6.41647943173807e-06  4.19365572800818e-06
  2.71570803091601e-06  1.74237759585801e-06  1.10750295882072e-06
  6.97372463308281e-07  4.34985212875283e-07  2.68747369271233e-07
  1.64452687385685e-07  9.96614450892073e-08  5.98080565139512e-08
  3.55375839604114e-08  2.09051478846522e-08  1.21726813564383e-08
  7.01468117185322e-09  3.99966632764426e-09  2.25596312658041e-09
  1.25835883857829e-09  6.93938985020084e-10  3.78190676897992e-10
  2.03626150129034e-10  1.08265058662471e-10  5.68186703520010e-11
  2.94207811087313e-11  1.50233759664634e-11  7.56150916807520e-12
  3.74926517780079e-12  1.83038667418797e-12  8.79336381168282e-13
  4.15464163282392e-13  1.92942128511613e-13  8.80203331559485e-14
  3.94218988446549e-14  1.73232679494120e-14  7.46443465756649e-15
  3.15189926988087e-15  1.30343429023011e-15  5.27570862866443e-16
  2.08858454807832e-16  8.08277683837944e-17  3.05680322325246e-17
  1.12840446725900e-17  4.06153004497073e-18  1.42272889072890e-18
  4.82884366705090e-19  1.56819418942044e-19  4.67920844375350e-20
  1.48324589727891e-20  4.56718609743684e-21  1.36506722165023e-21
  3.95728318185123e-22  1.11183043206573e-22  3.02503995330092e-23
  7.96378374886519e-24
 -2.71122393647123e-36 -3.24168978062412e-36 -3.87594165155701e-36
 -4.63428497058216e-36 -5.54099776610094e-36 -6.62510786528087e-36
 -7.92132212926842e-36 -9.47113747550378e-36 -1.13241692491061e-35
 -1.35397394615743e-35 -1.61887757328478e-35 -1.93560817160396e-35
 -2.31430516743020e-35 -2.76709160931846e-35 -3.30846222079923e-35
 -3.95574736441994e-35 -4.72966776634036e-35 -5.65499775528185e-35
 -6.76135824225247e-35 -8.08416481943090e-35 -9.66576132047001e-35
 -1.15567751193429e-34 -1.38177375404123e-34 -1.65210212357706e-34
 -1.97531565283479e-34 -2.36176008455367e-34 -2.82380498654154e-34
 -3.37623963316094e-34 -4.03674632138939e-34 -4.82646626696215e-34
 -5.77067618791625e-34 -6.89959722437402e-34 -8.24936207722017e-34
 -9.86317131007545e-34 -1.17926758107504e-33 -1.40996296433812e-33
 -1.68578661721849e-33 -2.01556606793891e-33 -2.40985550625972e-33
 -2.88127349786160e-33 -3.44490674708074e-33 -4.11879282438570e-33
 -4.92449730064812e-33 -5.88780374974585e-33 -7.03953869093655e-33
 -8.41655785808549e-33 -1.00629253421871e-32 -1.20313233217934e-32
 -1.43847374697311e-32 -1.71984719402613e-32 -2.05625583794187e-32
 -2.45846360005979e-32 -2.93933948292794e-32 -3.51426922271735e-32
 -4.20164743317300e-32 -5.02346597811915e-32 -6.00601738579116e-32
 -7.18073579602330e-32 -8.58520232767601e-32 -1.02643470094420e-31
 -1.22718857000372e-31 -1.46720379345653e-31 -1.75415806124164e-31
 -2.09723031752252e-31 -2.50739427540685e-31 -2.99776931028208e-31
 -3.58403994697087e-31 -4.28495734757401e-31 -5.12293882699156e-31
 -6.12478455478038e-31 -7.32253434596822e-31 -8.75449191845505e-31
 -1.04664493440714e-30 -1.25131508148471e-30 -1.49600424894720e-30
 -1.78853643215052e-30 -2.13826506919898e-30 -2.55637197235254e-30
 -3.05622467561607e-30 -3.65380361173392e-30 -4.36821276109049e-30
 -5.22229007975749e-30 -6.24333719895680e-30 -7.46399169508736e-30
 -8.92326977979077e-30 -1.06678126979019e-29 -1.27533766218986e-29
 -1.52466136001720e-29 -1.82272004030039e-29 -2.17903832080818e-29
 -2.60500193322108e-29 -3.11422130693421e-29 -3.72296616422723e-29
 -4.45068499201671e-29 -5.32062596171150e-29 -6.36057910314194e-29
 -7.60376340376694e-29 -9.08988712414468e-29 -1.08664151408830e-28
 -1.29900837260936e-28 -1.55287110563703e-28 -1.85633611661323e-28
 -2.21909303194985e-28 -2.65272382293150e-28 -3.17107226298479e-28
 -3.79068549222882e-28 -4.53134175694199e-28 -5.41668113492262e-28
 -6.47495933552332e-28 -7.73994858002441e-28 -9.25201424784386e-28
 -1.10594015660104e-27 -1.32197733004584e-27 -1.58020473906346e-27
 -1.88885930062150e-27 -2.25778549003142e-27 -2.69874895472626e-27
 -3.22581128183966e-27 -3.85577783807410e-27 -4.60873292175505e-27
 -5.50867924025793e-27 -6.58430203886371e-27 -7.86988216490926e-27
 -9.40638707837812e-27 -1.12427744677536e-26 -1.34375498752439e-26
 -1.60606277932527e-26 -1.91955553182492e-26 -2.29421689433173e-26
 -2.74197688008401e-26 -3.27709110647972e-26 -3.91659388069533e-26
 -4.68083949911526e-26 -5.59414892225001e-26 -6.68558232282231e-26
 -7.98986198795100e-26 -9.54847481379586e-26 -1.14109893108447e-25
 -1.36366288210705e-25 -1.62961507467657e-25 -1.94740912605539e-25
 -2.32714465112763e-25 -2.78088751245127e-25 -3.32305232517720e-25
 -3.97085930689168e-25 -4.74487990751414e-25 -5.66968845404055e-25
 -6.77464038660042e-25 -8.09480165109012e-25 -9.67205857470434e-25
 -1.15564432328430e-24 -1.38077160978397e-24 -1.64972558532491e-24
 -1.97103159160697e-24 -2.35487187349692e-24 -2.81340726854602e-24
 -3.36116127934560e-24 -4.01547860978917e-24 -4.79707258233571e-24
 -5.73067864024999e-24 -6.84583446342752e-24 -8.17781119229504e-24
 -9.76872498497808e-24 -1.16688637752251e-23 -1.39382708285547e-23
 -1.66486347196048e-23 -1.98855449252892e-23 -2.37511836414494e-23
 -2.83675380399721e-23 -3.38802334098619e-23 -4.04631069711801e-23
 -4.83236652143416e-23 -5.77095951092131e-23 -6.89165323004828e-23
 -8.22973284647081e-23 -9.82731065570242e-23 -1.17346448151836e-22
 -1.40117123191700e-22 -1.67300851225312e-22 -1.99751677071385e-22
 -2.38488655646708e-22 -2.84727673892642e-22 -3.39919396380317e-22
 -4.05794510134166e-22 -4.84417669243904e-22 -5.78251807823540e-22
 -6.90234808945693e-22 -8.23870897099209e-22 -9.83339573979634e-22
 -1.17362545579245e-21 -1.40067301105061e-21 -1.67157096047784e-21
 -1.99477200816442e-21 -2.38035465298603e-21 -2.84033511405959e-21
 -3.38903893240719e-21 -4.04354362898858e-21 -4.82420596150519e-21
 -5.75528989374056e-21 -6.86571444877776e-21 -8.18994425255575e-21
 -9.76904989586153e-21 -1.16519703792369e-20 -1.38970160104720e-20
 -1.65736573785520e-20 -1.97646546478523e-20 -2.35685916566142e-20
 -2.81028914676597e-20 -3.35074044663732e-20 -3.99486772572611e-20
 -4.76250309805741e-20 -5.67726018542541e-20 -6.76725254515814e-20
 -8.06594802946682e-20 -9.61318467706281e-20 -1.14563785343695e-19
 -1.36519594937770e-19 -1.62670779852963e-19 -1.93816333615169e-19
 -2.30906843058982e-19 -2.75073128442819e-19 -3.27660268752352e-19
 -3.90268019378576e-19 -4.64798816616452e-19 -5.53514785269738e-19
 -6.59105428422919e-19 -7.84767989616942e-19 -9.34302846157043e-19
 -1.11222672846152e-18 -1.32390707669023e-18 -1.57572145687840e-18
 -1.87524668171372e-18 -2.23148313629962e-18 -2.65512082064251e-18
 -3.15885481666929e-18 -3.75775930154990e-18 -4.46973090049514e-18
 -5.31601414745500e-18 -6.32182415591772e-18 -7.51708435904501e-18
 -8.93730043450148e-18 -1.06245953743258e-17 -1.26289351994053e-17
 -1.50095801761516e-17 -1.78368027153071e-17 -2.11939205930208e-17
 -2.51797029332910e-17 -2.99112167684231e-17 -3.55271942299795e-17
 -4.21920148462025e-17 -5.01004144215162e-17 -5.94830520044174e-17
 -7.06130900473672e-17 -8.38139706550054e-17 -9.94686035457083e-17
 -1.18030219879907e-16 -1.40035191461514e-16 -1.66118168186106e-16
 -1.97029949398888e-16 -2.33658578683749e-16 -2.77054238459249e-16
 -3.28458622884906e-16 -3.89339587623030e-16 -4.61432016091498e-16
 -5.46786007618654e-16 -6.47823687658077e-16 -7.67406168958146e-16
 -9.08912461173885e-16 -1.07633244174426e-15 -1.27437637099249e-15
 -1.50860386878726e-15 -1.78557577972758e-15 -2.11303295169564e-15
 -2.50010665379193e-15 -2.95756618188448e-15 -3.49811016398808e-15
 -4.13670920758304e-15 -4.89100885521151e-15 -5.78180336631852e-15
 -6.83359266104549e-15 -8.07523689089748e-15 -9.54072559469648e-15
 -1.12700813179608e-14 -1.33104209920624e-14 -1.57172023706008e-14
 -1.85556875032198e-14 -2.19026607069071e-14 -2.58484449058014e-14
 -3.04992677113099e-14 -3.59800373868495e-14 -4.24375991020516e-14
 -5.00445538798946e-14 -5.90037366686856e-14 -6.95534663734788e-14
 -8.19736998541929e-14 -9.65932443100234e-14 -1.13798208663605e-13
 -1.34041905170459e-13 -1.57856448252259e-13 -1.85866339352348e-13
 -2.18804375452950e-13 -2.57530275954134e-13 -3.03052489281658e-13
 -3.56553718472293e-13 -4.19420795965829e-13 -4.93279644116857e-13
 -5.80036182097450e-13 -6.81924184889023e-13 -8.01561269489642e-13
 -9.42014381372143e-13 -1.10687638542684e-12 -1.30035563572982e-12
 -1.52738071401244e-12 -1.79372289539731e-12 -2.10613933068405e-12
 -2.47254043788880e-12 -2.90218558383137e-12 -3.40591182410781e-12
 -3.99640127322568e-12 -4.68849361591038e-12 -5.49955136873995e-12
 -6.44988678517417e-12 -7.56326079869985e-12 -8.86746615466087e-12
 -1.03950089365290e-11 -1.21839050953311e-11 -1.42786114048095e-11
 -1.67311135573665e-11 -1.96021979705262e-11 -2.29629383888491e-11
 -2.68964336524998e-11 -3.14998391995269e-11 -3.68867421274303e-11
 -4.31899381499813e-11 -5.05646787594814e-11 -5.91924686119139e-11
 -6.92855068701091e-11 -8.10918823610210e-11 -9.49016513019626e-11
 -1.11053948560422e-10 -1.29945309494022e-10 -1.52039410048451e-10
 -1.77878468825818e-10 -2.08096597154804e-10 -2.43435433012183e-10
 -2.84762453221156e-10 -3.33092427291814e-10 -3.89612557461379e-10
 -4.55711945021466e-10 -5.33016135678191e-10 -6.23427629302611e-10
 -7.29173395848293e-10 -8.52860623615109e-10 -9.97542143446558e-10
 -1.16679322919440e-09 -1.36480177726509e-09 -1.59647422593133e-09
 -1.86755999665558e-09 -2.18479773844722e-09 -2.55608724499581e-09
 -2.99069160997794e-09 -3.49947500838428e-09 -4.09518246319406e-09
 -4.79276910717895e-09 -5.60978780559299e-09 -6.56684561713001e-09
 -7.68814146540250e-09 -9.00209964685493e-09 -1.05421164580768e-08
 -1.23474403708708e-08 -1.44642099121172e-08 -1.69466778013464e-08
 -1.98586551198431e-08 -2.32752154440445e-08 -2.72847061726587e-08
 -3.19911229057867e-08 -3.75169129403536e-08 -4.40062860181351e-08
 -5.16291247291879e-08 -6.05856038623018e-08 -7.11116479236083e-08
 -8.34853796315382e-08 -9.80347400374377e-08 -1.15146493808713e-07
 -1.35276872077322e-07 -1.58964151027342e-07 -1.86843518587603e-07
 -2.19664645257216e-07 -2.58312450388387e-07 -3.03831643791891e-07
 -3.57455726937074e-07 -4.20641260749464e-07 -4.95108351678716e-07
 -5.82888477385354e-07 -6.86380973321561e-07 -8.08419735556391e-07
 -9.52351970600041e-07 -1.12213114526831e-06 -1.32242666767863e-06
 -1.55875327271299e-06 -1.83762360329028e-06 -2.16672808253181e-06
 -2.55514687987532e-06 -3.01359959589124e-06 -3.55473925250420e-06
 -4.19349829173194e-06 -4.94749558643933e-06 -5.83751497525784e-06
 -6.88806758753697e-06 -8.12805224866943e-06 -9.59153061430200e-06
 -1.13186363827619e-05 -1.33566410830219e-05 -1.57612025342321e-05
 -1.85978262333804e-05 -2.19435747011322e-05 -2.58890652893074e-05
 -3.05408032302836e-05 -3.60239038568660e-05 -4.24852661471759e-05
 -5.00972689759502e-05 -5.90620721556818e-05 -6.96166162338424e-05
 -8.20384286839543e-05 -9.66523594284136e-05 -1.13838385885887e-04
 -1.34040647161625e-04 -1.57777888712083e-04 -1.85655523104101e-04
 -2.18379539456955e-04 -2.56772524287863e-04 -3.01792089403966e-04
 -3.54552039483781e-04 -4.16346651531947e-04 -4.88678482850442e-04
 -5.73290171465661e-04 -6.72200744705587e-04 -7.87747007211619e-04
 -9.22630639207866e-04 -1.07997169850790e-03 -1.26336928735247e-03
 -1.47697021278515e-03 -1.72554654395338e-03 -2.01458304012109e-03
 -2.35037549994597e-03 -2.74014115446029e-03 -3.19214229699723e-03
 -3.71582441263329e-03 -4.32197012548850e-03 -5.02287034007939e-03
 -5.83251398482364e-03 -6.76679779586304e-03 -7.84375757789430e-03
 -9.08382236209079e-03 -1.05100928284201e-02 -1.21486452747355e-02
 -1.40288622964904e-02 -1.61837911505414e-02 -1.86505305752594e-02
 -2.14706465181719e-02 -2.46906168901814e-02 -2.83623050114606e-02
 -3.25434608925061e-02 -3.72982488956036e-02 -4.26977995628128e-02
 -4.88207826544484e-02 -5.57539974059567e-02 -6.35929750898016e-02
 -7.24425877293105e-02 -8.24176556104810e-02 -9.36435449167027e-02
 -1.06256745304346e-01 -1.20405415886978e-01 -1.36249886403249e-01
 -1.53963098915566e-01 -1.73730973726858e-01 -1.95752681672317e-01
 -2.20240803409912e-01 -2.47421354930276e-01 -2.77533656995440e-01
 -3.10830025289515e-01 -3.47575256611271e-01 -3.88045886146020e-01
 -4.32529189954993e-01 -4.81321907041429e-01 -5.34728655695310e-01
 -5.93060019882548e-01 -6.56630283127808e-01 -7.25754790415941e-01
 -8.00746921480812e-01 -8.81914664842781e-01 -9.69556786844669e-01
 -1.06395859834434e+00 -1.16538733034935e+00 -1.27408713984814e+00
 -1.39027378001555e+00 -1.51412898037865e+00 -1.64579459804908e+00
 -1.78536661425920e+00 -1.93288906533501e+00 -2.08834801080942e+00
 -2.25166565244985e+00 -2.42269472943405e+00 -2.60121331742620e+00
 -2.78692016806444e+00 -2.97943071658488e+00 -3.17827388838554e+00
 -3.38288982218515e+00 -3.59262862320458e+00 -3.80675025176436e+00
 -4.02442564791038e+00 -4.24473919351545e+00 -4.46669261162913e+00
 -4.68921040435041e+00 -4.91114691848524e+00 -5.13129510737584e+00
 -5.34839701199326e+00 -5.56115592490385e+00 -5.76825011940424e+00
 -5.96834794255578e+00 -6.16012398399676e+00 -6.34227596116893e+00
 -6.51354190596136e+00 -6.67271720773874e+00 -6.81867106049681e+00
 -6.95036188012087e+00 -7.06685129573380e+00 -7.16731637751309e+00
 -7.25105982949226e+00 -7.31751796045523e+00 -7.36626632078018e+00
 -7.39702298181309e+00 -7.40964950375713e+00 -7.40414970959190e+00
 -7.38066643545337e+00 -7.33947646806245e+00 -7.28098391059700e+00
 -7.20571222709341e+00 -7.11429521738525e+00 -7.00746716444957e+00
 -6.88605237393521e+00 -6.75095430519839e+00 -6.60314446020051e+00
 -6.44365117857149e+00 -6.27354845221987e+00 -6.09394486402569e+00
 -5.90597273224613e+00 -5.71077753768882e+00 -5.50950770608091e+00
 -5.30330481480095e+00 -5.09329429793677e+00 -4.88057672156029e+00
 -4.66621970006597e+00 -4.45125052486502e+00 -4.23664955958183e+00
 -4.02334445671012e+00 -3.81220522049274e+00 -3.60404013897712e+00
 -3.39959257936378e+00 -3.19953863220304e+00 -3.00448557460290e+00
 -2.81497111108674e+00 -2.63146334707735e+00 -2.45436144345298e+00
 -2.28399689966455e+00 -2.12063541251642e+00 -1.96447925560774e+00
 -1.81567012456560e+00 -1.67429239098644e+00 -1.54037670560074e+00
 -1.41390388921663e+00 -1.29480904728743e+00 -1.18298584324951e+00
 -1.07829086483890e+00 -9.80548019760157e-01 -8.89552898973231e-01
 -8.05077051247626e-01 -7.26872118441025e-01 -6.54673786312703e-01
 -5.88205516553556e-01 -5.27182029070994e-01 -4.71312517708427e-01
 -4.20303582578032e-01 -3.73861877362166e-01 -3.31696468669163e-01
 -2.93520914717757e-01 -2.59055072619001e-01 -2.28026645852857e-01
 -2.00172487931118e-01 -1.75239676658721e-01 -1.52986375928338e-01
 -1.33182500918135e-01 -1.15610201940796e-01 -1.00064182337925e-01
 -8.63518641102309e-02 -7.42934151588829e-02 -6.37216513015478e-02
 -5.44818259924608e-02 -4.64313211410975e-02 -3.94392521994049e-02
 -3.33860012832554e-02 -2.81626920582060e-02 -2.36706199823923e-02
 -1.98206512281942e-02 -1.65326026503635e-02 -1.37346139211853e-02
 -1.13625224562990e-02 -9.35924892591464e-03 -7.67420065702160e-03
 -6.26269830576757e-03 -5.08542982261063e-03 -4.10793451787697e-03
 -3.30011895291255e-03 -2.63580551690789e-03 -2.09231383504263e-03
 -1.65007459903711e-03 -1.29227502635832e-03 -1.00453480335033e-03
 -7.74611190386763e-04 -5.92131807119917e-04 -4.48353528579766e-04
 -3.35945874439046e-04 -2.48797255973186e-04 -1.81842451530179e-04
 -1.30909704584419e-04 -9.25858754426094e-05 -6.40981246741975e-05
 -4.32106612817771e-05 -2.81351497591407e-05 -1.74534362264167e-05
 -1.00513237397720e-05 -5.06219980685949e-06 -1.81939433303830e-06
  1.83777007352012e-07  1.32725130708320e-06  1.89162829336732e-06
  2.08056343882150e-06  2.03887982040100e-06  1.86705953662138e-06
  1.63270320273184e-06  1.37947675298496e-06  1.13399907295776e-06
  9.11062372354457e-07  7.17520117444420e-07  5.55125099709113e-07
  4.22553038547282e-07  3.16805098324028e-07  2.34145819839225e-07
  1.70701087426459e-07  1.22813637675616e-07  8.72309383136642e-08
  6.11816393768748e-08  4.23817865051684e-08  2.90001348570486e-08
  1.96027497056056e-08  1.30901856641428e-08  8.63548379646070e-09
  5.62764140625552e-09  3.62276353327718e-09  2.30351824792279e-09
  1.44655825556088e-09  8.97053296948227e-10  5.49256934917214e-10
  3.31998931752106e-10  1.98071847146848e-10  1.16613097810698e-10
  6.77355567802044e-11  3.88087795129285e-11  2.19270013899588e-11
  1.22137662202054e-11  6.70531682723003e-12  3.62710199363677e-12
  1.93257186841716e-12  1.01392280207585e-12  5.23623002969609e-13
  2.66085829366911e-13  1.33000087292663e-13  6.53643046039457e-14
  3.15727771440086e-14  1.49825763452965e-14  6.98188740669731e-15
  3.19358367384418e-15  1.43318018453922e-15  6.30716088968997e-16
  2.72057451702211e-16  1.14964562114890e-16  4.75671591786420e-17
  1.92608075030490e-17  7.62756177592384e-18  2.95289851214376e-18
  1.11752660832715e-18  4.12970728125084e-19  1.48930607988453e-19
  5.23877716137007e-20  1.79692906585813e-20  6.01280447275981e-21
  1.96830926657314e-21  6.29042479728512e-22  1.95309739111270e-22
  5.88718819975387e-23  1.72149882898759e-23  4.87962826743617e-24
  1.33969473141473e-24  3.55969900661697e-25  9.14638182284276e-26
  2.27062375963449e-26  5.44155039297754e-27  1.25774905928995e-27
  2.80131297063498e-28  6.00645039082455e-29  1.23863917102816e-29
  2.45422184284627e-30  4.66751263156074e-31  8.51156316124508e-32
  1.48670001221270e-32  2.48458534017443e-33  3.96839977228704e-34
  6.05075980602155e-35  8.79684379825329e-36  1.21798759056049e-36
  1.60406202420655e-37
