#     Radial coefficients Phi_{h} of D_{h} in the harmonic 
#     expansion of the Coulomb potential divided by r^{\ell}
#     Phi(1) is from \int_{0}^{r} {r\Pr^{\ell} \over r^{\ell+1}} ...
#     Phi(2) is from \int_{r}^{S} {r^{\ell} \over r\Pr^{\ell+1}} ...
#     Phi(out) is from V_{ext}(S)
# type = 0
# h = 0 (l = 0)
@ type xy
 0  888.361020256166  .000006216477165  886.693113523529  1.66790051616044
 1  888.361020133719  .000006437955677  886.693113179603  1.66790051616044
 2  888.361020007026  .000006666990318  886.693112823875  1.66790051616044
 3  888.361019875774  .000006903845102  886.693112455769  1.66790051616044
 4  888.361019739866  .000007148793148  886.693112074913  1.66790051616044
 5  888.361019599142  .000007402116993  886.693111680865  1.66790051616044
 6  888.361019453433  .000007664108920  886.693111273164  1.66790051616044
 7  888.361019302569  .000007935071298  886.693110851338  1.66790051616044
 8  888.361019146387  .000008215316931  886.693110414910  1.66790051616044
 9  888.361018984616  .000008505169418  886.693109963286  1.66790051616044
 10  888.361018817253  .000008804963534  886.693109496129  1.66790051616044
 11  888.361018643939  .000009115045610  886.693109012733  1.66790051616044
 12  888.361018464528  .000009435773939  886.693108512593  1.66790051616044
 13  888.361018278809  .000009767519190  886.693107995129  1.66790051616044
 14  888.361018086562  .000010110664837  886.693107459737  1.66790051616044
 15  888.361017887563  .000010465607604  886.693106905795  1.66790051616044
 16  888.361017681593  .000010832757922  886.693106332675  1.66790051616044
 17  888.361017468323  .000011212540408  886.693105739623  1.66790051616044
 18  888.361017247693  .000011605394356  886.693105126138  1.66790051616044
 19  888.361017019280  .000012011774245  886.693104491345  1.66790051616044
&
# h = 1 (l = 1)
@ type xy
 0 -.000000380190833  .000000000000000 -.000000000000067 -.000000380190766
 1 -.000000380190833  .000000000000000 -.000000000000067 -.000000380190766
 2 -.000000380190833  .000000000000000 -.000000000000067 -.000000380190766
 3 -.000000380190833  .000000000000000 -.000000000000067 -.000000380190766
 4 -.000000380190833  .000000000000000 -.000000000000067 -.000000380190766
 5 -.000000380190833  .000000000000000 -.000000000000067 -.000000380190766
 6 -.000000380190833  .000000000000000 -.000000000000067 -.000000380190766
 7 -.000000380190833  .000000000000000 -.000000000000067 -.000000380190766
 8 -.000000380190833  .000000000000000 -.000000000000067 -.000000380190766
 9 -.000000380190833  .000000000000000 -.000000000000067 -.000000380190766
 10 -.000000380190833  .000000000000000 -.000000000000067 -.000000380190766
 11 -.000000380190833  .000000000000000 -.000000000000067 -.000000380190766
 12 -.000000380190833  .000000000000000 -.000000000000067 -.000000380190766
 13 -.000000380190833  .000000000000000 -.000000000000067 -.000000380190766
 14 -.000000380190833  .000000000000000 -.000000000000067 -.000000380190766
 15 -.000000380190833  .000000000000000 -.000000000000067 -.000000380190766
 16 -.000000380190833  .000000000000000 -.000000000000067 -.000000380190766
 17 -.000000380190833  .000000000000000 -.000000000000067 -.000000380190766
 18 -.000000380190833  .000000000000000 -.000000000000067 -.000000380190766
 19 -.000000380190833  .000000000000000 -.000000000000067 -.000000380190766
&
# h = 2 (l = 2)
@ type xy
 0 -.020356181743732  .000000000000000 -.000000000000158 -.020356181743574
 1 -.020356181743732  .000000000000000 -.000000000000158 -.020356181743574
 2 -.020356181743732  .000000000000000 -.000000000000158 -.020356181743574
 3 -.020356181743732  .000000000000000 -.000000000000158 -.020356181743574
 4 -.020356181743732  .000000000000000 -.000000000000158 -.020356181743574
 5 -.020356181743732  .000000000000000 -.000000000000158 -.020356181743574
 6 -.020356181743732  .000000000000000 -.000000000000158 -.020356181743574
 7 -.020356181743732  .000000000000000 -.000000000000158 -.020356181743574
 8 -.020356181743732  .000000000000000 -.000000000000158 -.020356181743574
 9 -.020356181743732  .000000000000000 -.000000000000158 -.020356181743574
 10 -.020356181743732  .000000000000000 -.000000000000158 -.020356181743574
 11 -.020356181743732  .000000000000000 -.000000000000158 -.020356181743574
 12 -.020356181743732  .000000000000000 -.000000000000158 -.020356181743574
 13 -.020356181743732  .000000000000000 -.000000000000158 -.020356181743574
 14 -.020356181743732  .000000000000000 -.000000000000158 -.020356181743574
 15 -.020356181743732  .000000000000000 -.000000000000158 -.020356181743574
 16 -.020356181743732  .000000000000000 -.000000000000158 -.020356181743574
 17 -.020356181743732  .000000000000000 -.000000000000158 -.020356181743574
 18 -.020356181743732  .000000000000000 -.000000000000158 -.020356181743574
 19 -.020356181743732  .000000000000000 -.000000000000158 -.020356181743574
&
# h = 3 (l = 3)
@ type xy
 0  .034501947286723  .000000000000000  .000000000000000  .034501947286723
 1  .034501947286723  .000000000000000  .000000000000000  .034501947286723
 2  .034501947286723  .000000000000000  .000000000000000  .034501947286723
 3  .034501947286723  .000000000000000  .000000000000000  .034501947286723
 4  .034501947286723  .000000000000000  .000000000000000  .034501947286723
 5  .034501947286723  .000000000000000  .000000000000000  .034501947286723
 6  .034501947286723  .000000000000000  .000000000000000  .034501947286723
 7  .034501947286723  .000000000000000  .000000000000000  .034501947286723
 8  .034501947286723  .000000000000000  .000000000000000  .034501947286723
 9  .034501947286723  .000000000000000  .000000000000000  .034501947286723
 10  .034501947286723  .000000000000000  .000000000000000  .034501947286723
 11  .034501947286723  .000000000000000  .000000000000000  .034501947286723
 12  .034501947286723  .000000000000000  .000000000000000  .034501947286723
 13  .034501947286723  .000000000000000  .000000000000000  .034501947286723
 14  .034501947286723  .000000000000000  .000000000000000  .034501947286723
 15  .034501947286723  .000000000000000  .000000000000000  .034501947286723
 16  .034501947286723  .000000000000000  .000000000000000  .034501947286723
 17  .034501947286723  .000000000000000  .000000000000000  .034501947286723
 18  .034501947286723  .000000000000000  .000000000000000  .034501947286723
 19  .034501947286723  .000000000000000  .000000000000000  .034501947286723
&
# h = 4 (l = 3)
@ type xy
 0  .000000144803783  .000000000000000  .000000000000000  .000000144803783
 1  .000000144803783  .000000000000000  .000000000000000  .000000144803783
 2  .000000144803783  .000000000000000  .000000000000000  .000000144803783
 3  .000000144803783  .000000000000000  .000000000000000  .000000144803783
 4  .000000144803783  .000000000000000  .000000000000000  .000000144803783
 5  .000000144803783  .000000000000000  .000000000000000  .000000144803783
 6  .000000144803783  .000000000000000  .000000000000000  .000000144803783
 7  .000000144803783  .000000000000000  .000000000000000  .000000144803783
 8  .000000144803783  .000000000000000  .000000000000000  .000000144803783
 9  .000000144803783  .000000000000000  .000000000000000  .000000144803783
 10  .000000144803783  .000000000000000  .000000000000000  .000000144803783
 11  .000000144803783  .000000000000000  .000000000000000  .000000144803783
 12  .000000144803783  .000000000000000  .000000000000000  .000000144803783
 13  .000000144803783  .000000000000000  .000000000000000  .000000144803783
 14  .000000144803783  .000000000000000  .000000000000000  .000000144803783
 15  .000000144803783  .000000000000000  .000000000000000  .000000144803783
 16  .000000144803783  .000000000000000  .000000000000000  .000000144803783
 17  .000000144803783  .000000000000000  .000000000000000  .000000144803783
 18  .000000144803783  .000000000000000  .000000000000000  .000000144803783
 19  .000000144803783  .000000000000000  .000000000000000  .000000144803783
&
# h = 5 (l = 4)
@ type xy
 0  .000000014039224  .000000000000000  .000000000000000  .000000014039224
 1  .000000014039224  .000000000000000  .000000000000000  .000000014039224
 2  .000000014039224  .000000000000000  .000000000000000  .000000014039224
 3  .000000014039224  .000000000000000  .000000000000000  .000000014039224
 4  .000000014039224  .000000000000000  .000000000000000  .000000014039224
 5  .000000014039224  .000000000000000  .000000000000000  .000000014039224
 6  .000000014039224  .000000000000000  .000000000000000  .000000014039224
 7  .000000014039224  .000000000000000  .000000000000000  .000000014039224
 8  .000000014039224  .000000000000000  .000000000000000  .000000014039224
 9  .000000014039224  .000000000000000  .000000000000000  .000000014039224
 10  .000000014039224  .000000000000000  .000000000000000  .000000014039224
 11  .000000014039224  .000000000000000  .000000000000000  .000000014039224
 12  .000000014039224  .000000000000000  .000000000000000  .000000014039224
 13  .000000014039224  .000000000000000  .000000000000000  .000000014039224
 14  .000000014039224  .000000000000000  .000000000000000  .000000014039224
 15  .000000014039224  .000000000000000  .000000000000000  .000000014039224
 16  .000000014039224  .000000000000000  .000000000000000  .000000014039224
 17  .000000014039224  .000000000000000  .000000000000000  .000000014039224
 18  .000000014039224  .000000000000000  .000000000000000  .000000014039224
 19  .000000014039224  .000000000000000  .000000000000000  .000000014039224
&
# h = 6 (l = 4)
@ type xy
 0 -.021024561108578  .000000000000000  .000000000000000 -.021024561108578
 1 -.021024561108578  .000000000000000  .000000000000000 -.021024561108578
 2 -.021024561108578  .000000000000000  .000000000000000 -.021024561108578
 3 -.021024561108578  .000000000000000  .000000000000000 -.021024561108578
 4 -.021024561108578  .000000000000000  .000000000000000 -.021024561108578
 5 -.021024561108578  .000000000000000  .000000000000000 -.021024561108578
 6 -.021024561108578  .000000000000000  .000000000000000 -.021024561108578
 7 -.021024561108578  .000000000000000  .000000000000000 -.021024561108578
 8 -.021024561108578  .000000000000000  .000000000000000 -.021024561108578
 9 -.021024561108578  .000000000000000  .000000000000000 -.021024561108578
 10 -.021024561108578  .000000000000000  .000000000000000 -.021024561108578
 11 -.021024561108578  .000000000000000  .000000000000000 -.021024561108578
 12 -.021024561108578  .000000000000000  .000000000000000 -.021024561108578
 13 -.021024561108578  .000000000000000  .000000000000000 -.021024561108578
 14 -.021024561108578  .000000000000000  .000000000000000 -.021024561108578
 15 -.021024561108578  .000000000000000  .000000000000000 -.021024561108578
 16 -.021024561108578  .000000000000000  .000000000000000 -.021024561108578
 17 -.021024561108578  .000000000000000  .000000000000000 -.021024561108578
 18 -.021024561108578  .000000000000000  .000000000000000 -.021024561108578
 19 -.021024561108578  .000000000000000  .000000000000000 -.021024561108578
&
# h = 7 (l = 5)
@ type xy
 0  .081311497307337  .000000000000000  .000000000000000  .081311497307337
 1  .081311497307337  .000000000000000  .000000000000000  .081311497307337
 2  .081311497307337  .000000000000000  .000000000000000  .081311497307337
 3  .081311497307337  .000000000000000  .000000000000000  .081311497307337
 4  .081311497307337  .000000000000000  .000000000000000  .081311497307337
 5  .081311497307337  .000000000000000  .000000000000000  .081311497307337
 6  .081311497307337  .000000000000000  .000000000000000  .081311497307337
 7  .081311497307337  .000000000000000  .000000000000000  .081311497307337
 8  .081311497307337  .000000000000000  .000000000000000  .081311497307337
 9  .081311497307337  .000000000000000  .000000000000000  .081311497307337
 10  .081311497307337  .000000000000000  .000000000000000  .081311497307337
 11  .081311497307337  .000000000000000  .000000000000000  .081311497307337
 12  .081311497307337  .000000000000000  .000000000000000  .081311497307337
 13  .081311497307337  .000000000000000  .000000000000000  .081311497307337
 14  .081311497307337  .000000000000000  .000000000000000  .081311497307337
 15  .081311497307337  .000000000000000  .000000000000000  .081311497307337
 16  .081311497307337  .000000000000000  .000000000000000  .081311497307337
 17  .081311497307337  .000000000000000  .000000000000000  .081311497307337
 18  .081311497307337  .000000000000000  .000000000000000  .081311497307337
 19  .081311497307337  .000000000000000  .000000000000000  .081311497307337
&
# h = 8 (l = 5)
@ type xy
 0 -.000000015758356  .000000000000000  .000000000000000 -.000000015758356
 1 -.000000015758356  .000000000000000  .000000000000000 -.000000015758356
 2 -.000000015758356  .000000000000000  .000000000000000 -.000000015758356
 3 -.000000015758356  .000000000000000  .000000000000000 -.000000015758356
 4 -.000000015758356  .000000000000000  .000000000000000 -.000000015758356
 5 -.000000015758356  .000000000000000  .000000000000000 -.000000015758356
 6 -.000000015758356  .000000000000000  .000000000000000 -.000000015758356
 7 -.000000015758356  .000000000000000  .000000000000000 -.000000015758356
 8 -.000000015758356  .000000000000000  .000000000000000 -.000000015758356
 9 -.000000015758356  .000000000000000  .000000000000000 -.000000015758356
 10 -.000000015758356  .000000000000000  .000000000000000 -.000000015758356
 11 -.000000015758356  .000000000000000  .000000000000000 -.000000015758356
 12 -.000000015758356  .000000000000000  .000000000000000 -.000000015758356
 13 -.000000015758356  .000000000000000  .000000000000000 -.000000015758356
 14 -.000000015758356  .000000000000000  .000000000000000 -.000000015758356
 15 -.000000015758356  .000000000000000  .000000000000000 -.000000015758356
 16 -.000000015758356  .000000000000000  .000000000000000 -.000000015758356
 17 -.000000015758356  .000000000000000  .000000000000000 -.000000015758356
 18 -.000000015758356  .000000000000000  .000000000000000 -.000000015758356
 19 -.000000015758356  .000000000000000  .000000000000000 -.000000015758356
&
# h = 9 (l = 6)
@ type xy
 0 -.000000002465982  .000000000000000  .000000000000000 -.000000002465982
 1 -.000000002465982  .000000000000000  .000000000000000 -.000000002465982
 2 -.000000002465982  .000000000000000  .000000000000000 -.000000002465982
 3 -.000000002465982  .000000000000000  .000000000000000 -.000000002465982
 4 -.000000002465982  .000000000000000  .000000000000000 -.000000002465982
 5 -.000000002465982  .000000000000000  .000000000000000 -.000000002465982
 6 -.000000002465982  .000000000000000  .000000000000000 -.000000002465982
 7 -.000000002465982  .000000000000000  .000000000000000 -.000000002465982
 8 -.000000002465982  .000000000000000  .000000000000000 -.000000002465982
 9 -.000000002465982  .000000000000000  .000000000000000 -.000000002465982
 10 -.000000002465982  .000000000000000  .000000000000000 -.000000002465982
 11 -.000000002465982  .000000000000000  .000000000000000 -.000000002465982
 12 -.000000002465982  .000000000000000  .000000000000000 -.000000002465982
 13 -.000000002465982  .000000000000000  .000000000000000 -.000000002465982
 14 -.000000002465982  .000000000000000  .000000000000000 -.000000002465982
 15 -.000000002465982  .000000000000000  .000000000000000 -.000000002465982
 16 -.000000002465982  .000000000000000  .000000000000000 -.000000002465982
 17 -.000000002465982  .000000000000000  .000000000000000 -.000000002465982
 18 -.000000002465982  .000000000000000  .000000000000000 -.000000002465982
 19 -.000000002465982  .000000000000000  .000000000000000 -.000000002465982
&
# h = 10 (l = 6)
@ type xy
 0  .058748753700812  .000000000000000  .000000000000000  .058748753700812
 1  .058748753700812  .000000000000000  .000000000000000  .058748753700812
 2  .058748753700812  .000000000000000  .000000000000000  .058748753700812
 3  .058748753700812  .000000000000000  .000000000000000  .058748753700812
 4  .058748753700812  .000000000000000  .000000000000000  .058748753700812
 5  .058748753700812  .000000000000000  .000000000000000  .058748753700812
 6  .058748753700812  .000000000000000  .000000000000000  .058748753700812
 7  .058748753700812  .000000000000000  .000000000000000  .058748753700812
 8  .058748753700812  .000000000000000  .000000000000000  .058748753700812
 9  .058748753700812  .000000000000000  .000000000000000  .058748753700812
 10  .058748753700812  .000000000000000  .000000000000000  .058748753700812
 11  .058748753700812  .000000000000000  .000000000000000  .058748753700812
 12  .058748753700812  .000000000000000  .000000000000000  .058748753700812
 13  .058748753700812  .000000000000000  .000000000000000  .058748753700812
 14  .058748753700812  .000000000000000  .000000000000000  .058748753700812
 15  .058748753700812  .000000000000000  .000000000000000  .058748753700812
 16  .058748753700812  .000000000000000  .000000000000000  .058748753700812
 17  .058748753700812  .000000000000000  .000000000000000  .058748753700812
 18  .058748753700812  .000000000000000  .000000000000000  .058748753700812
 19  .058748753700812  .000000000000000  .000000000000000  .058748753700812
&
# h = 11 (l = 6)
@ type xy
 0 -.046626206740169  .000000000000000  .000000000000000 -.046626206740169
 1 -.046626206740169  .000000000000000  .000000000000000 -.046626206740169
 2 -.046626206740169  .000000000000000  .000000000000000 -.046626206740169
 3 -.046626206740169  .000000000000000  .000000000000000 -.046626206740169
 4 -.046626206740169  .000000000000000  .000000000000000 -.046626206740169
 5 -.046626206740169  .000000000000000  .000000000000000 -.046626206740169
 6 -.046626206740169  .000000000000000  .000000000000000 -.046626206740169
 7 -.046626206740169  .000000000000000  .000000000000000 -.046626206740169
 8 -.046626206740169  .000000000000000  .000000000000000 -.046626206740169
 9 -.046626206740169  .000000000000000  .000000000000000 -.046626206740169
 10 -.046626206740169  .000000000000000  .000000000000000 -.046626206740169
 11 -.046626206740169  .000000000000000  .000000000000000 -.046626206740169
 12 -.046626206740169  .000000000000000  .000000000000000 -.046626206740169
 13 -.046626206740169  .000000000000000  .000000000000000 -.046626206740169
 14 -.046626206740169  .000000000000000  .000000000000000 -.046626206740169
 15 -.046626206740169  .000000000000000  .000000000000000 -.046626206740169
 16 -.046626206740169  .000000000000000  .000000000000000 -.046626206740169
 17 -.046626206740169  .000000000000000  .000000000000000 -.046626206740169
 18 -.046626206740169  .000000000000000  .000000000000000 -.046626206740169
 19 -.046626206740169  .000000000000000  .000000000000000 -.046626206740169
&
# h = 12 (l = 7)
@ type xy
 0  .026624668405764  .000000000000000  .000000000000000  .026624668405764
 1  .026624668405764  .000000000000000  .000000000000000  .026624668405764
 2  .026624668405764  .000000000000000  .000000000000000  .026624668405764
 3  .026624668405764  .000000000000000  .000000000000000  .026624668405764
 4  .026624668405764  .000000000000000  .000000000000000  .026624668405764
 5  .026624668405764  .000000000000000  .000000000000000  .026624668405764
 6  .026624668405764  .000000000000000  .000000000000000  .026624668405764
 7  .026624668405764  .000000000000000  .000000000000000  .026624668405764
 8  .026624668405764  .000000000000000  .000000000000000  .026624668405764
 9  .026624668405764  .000000000000000  .000000000000000  .026624668405764
 10  .026624668405764  .000000000000000  .000000000000000  .026624668405764
 11  .026624668405764  .000000000000000  .000000000000000  .026624668405764
 12  .026624668405764  .000000000000000  .000000000000000  .026624668405764
 13  .026624668405764  .000000000000000  .000000000000000  .026624668405764
 14  .026624668405764  .000000000000000  .000000000000000  .026624668405764
 15  .026624668405764  .000000000000000  .000000000000000  .026624668405764
 16  .026624668405764  .000000000000000  .000000000000000  .026624668405764
 17  .026624668405764  .000000000000000  .000000000000000  .026624668405764
 18  .026624668405764  .000000000000000  .000000000000000  .026624668405764
 19  .026624668405764  .000000000000000  .000000000000000  .026624668405764
&
# h = 13 (l = 7)
@ type xy
 0  .000000000481203  .000000000000000  .000000000000000  .000000000481203
 1  .000000000481203  .000000000000000  .000000000000000  .000000000481203
 2  .000000000481203  .000000000000000  .000000000000000  .000000000481203
 3  .000000000481203  .000000000000000  .000000000000000  .000000000481203
 4  .000000000481203  .000000000000000  .000000000000000  .000000000481203
 5  .000000000481203  .000000000000000  .000000000000000  .000000000481203
 6  .000000000481203  .000000000000000  .000000000000000  .000000000481203
 7  .000000000481203  .000000000000000  .000000000000000  .000000000481203
 8  .000000000481203  .000000000000000  .000000000000000  .000000000481203
 9  .000000000481203  .000000000000000  .000000000000000  .000000000481203
 10  .000000000481203  .000000000000000  .000000000000000  .000000000481203
 11  .000000000481203  .000000000000000  .000000000000000  .000000000481203
 12  .000000000481203  .000000000000000  .000000000000000  .000000000481203
 13  .000000000481203  .000000000000000  .000000000000000  .000000000481203
 14  .000000000481203  .000000000000000  .000000000000000  .000000000481203
 15  .000000000481203  .000000000000000  .000000000000000  .000000000481203
 16  .000000000481203  .000000000000000  .000000000000000  .000000000481203
 17  .000000000481203  .000000000000000  .000000000000000  .000000000481203
 18  .000000000481203  .000000000000000  .000000000000000  .000000000481203
 19  .000000000481203  .000000000000000  .000000000000000  .000000000481203
&
# h = 14 (l = 7)
@ type xy
 0  .000000000648184  .000000000000000  .000000000000000  .000000000648184
 1  .000000000648184  .000000000000000  .000000000000000  .000000000648184
 2  .000000000648184  .000000000000000  .000000000000000  .000000000648184
 3  .000000000648184  .000000000000000  .000000000000000  .000000000648184
 4  .000000000648184  .000000000000000  .000000000000000  .000000000648184
 5  .000000000648184  .000000000000000  .000000000000000  .000000000648184
 6  .000000000648184  .000000000000000  .000000000000000  .000000000648184
 7  .000000000648184  .000000000000000  .000000000000000  .000000000648184
 8  .000000000648184  .000000000000000  .000000000000000  .000000000648184
 9  .000000000648184  .000000000000000  .000000000000000  .000000000648184
 10  .000000000648184  .000000000000000  .000000000000000  .000000000648184
 11  .000000000648184  .000000000000000  .000000000000000  .000000000648184
 12  .000000000648184  .000000000000000  .000000000000000  .000000000648184
 13  .000000000648184  .000000000000000  .000000000000000  .000000000648184
 14  .000000000648184  .000000000000000  .000000000000000  .000000000648184
 15  .000000000648184  .000000000000000  .000000000000000  .000000000648184
 16  .000000000648184  .000000000000000  .000000000000000  .000000000648184
 17  .000000000648184  .000000000000000  .000000000000000  .000000000648184
 18  .000000000648184  .000000000000000  .000000000000000  .000000000648184
 19  .000000000648184  .000000000000000  .000000000000000  .000000000648184
&
# h = 15 (l = 8)
@ type xy
 0  .000000000682433  .000000000000000  .000000000000000  .000000000682433
 1  .000000000682433  .000000000000000  .000000000000000  .000000000682433
 2  .000000000682433  .000000000000000  .000000000000000  .000000000682433
 3  .000000000682433  .000000000000000  .000000000000000  .000000000682433
 4  .000000000682433  .000000000000000  .000000000000000  .000000000682433
 5  .000000000682433  .000000000000000  .000000000000000  .000000000682433
 6  .000000000682433  .000000000000000  .000000000000000  .000000000682433
 7  .000000000682433  .000000000000000  .000000000000000  .000000000682433
 8  .000000000682433  .000000000000000  .000000000000000  .000000000682433
 9  .000000000682433  .000000000000000  .000000000000000  .000000000682433
 10  .000000000682433  .000000000000000  .000000000000000  .000000000682433
 11  .000000000682433  .000000000000000  .000000000000000  .000000000682433
 12  .000000000682433  .000000000000000  .000000000000000  .000000000682433
 13  .000000000682433  .000000000000000  .000000000000000  .000000000682433
 14  .000000000682433  .000000000000000  .000000000000000  .000000000682433
 15  .000000000682433  .000000000000000  .000000000000000  .000000000682433
 16  .000000000682433  .000000000000000  .000000000000000  .000000000682433
 17  .000000000682433  .000000000000000  .000000000000000  .000000000682433
 18  .000000000682433  .000000000000000  .000000000000000  .000000000682433
 19  .000000000682433  .000000000000000  .000000000000000  .000000000682433
&
# h = 16 (l = 8)
@ type xy
 0 -.003379443742553  .000000000000000  .000000000000000 -.003379443742553
 1 -.003379443742553  .000000000000000  .000000000000000 -.003379443742553
 2 -.003379443742553  .000000000000000  .000000000000000 -.003379443742553
 3 -.003379443742553  .000000000000000  .000000000000000 -.003379443742553
 4 -.003379443742553  .000000000000000  .000000000000000 -.003379443742553
 5 -.003379443742553  .000000000000000  .000000000000000 -.003379443742553
 6 -.003379443742553  .000000000000000  .000000000000000 -.003379443742553
 7 -.003379443742553  .000000000000000  .000000000000000 -.003379443742553
 8 -.003379443742553  .000000000000000  .000000000000000 -.003379443742553
 9 -.003379443742553  .000000000000000  .000000000000000 -.003379443742553
 10 -.003379443742553  .000000000000000  .000000000000000 -.003379443742553
 11 -.003379443742553  .000000000000000  .000000000000000 -.003379443742553
 12 -.003379443742553  .000000000000000  .000000000000000 -.003379443742553
 13 -.003379443742553  .000000000000000  .000000000000000 -.003379443742553
 14 -.003379443742553  .000000000000000  .000000000000000 -.003379443742553
 15 -.003379443742553  .000000000000000  .000000000000000 -.003379443742553
 16 -.003379443742553  .000000000000000  .000000000000000 -.003379443742553
 17 -.003379443742553  .000000000000000  .000000000000000 -.003379443742553
 18 -.003379443742553  .000000000000000  .000000000000000 -.003379443742553
 19 -.003379443742553  .000000000000000  .000000000000000 -.003379443742553
&
# h = 17 (l = 8)
@ type xy
 0  .012361613629616  .000000000000000  .000000000000000  .012361613629616
 1  .012361613629616  .000000000000000  .000000000000000  .012361613629616
 2  .012361613629616  .000000000000000  .000000000000000  .012361613629616
 3  .012361613629616  .000000000000000  .000000000000000  .012361613629616
 4  .012361613629616  .000000000000000  .000000000000000  .012361613629616
 5  .012361613629616  .000000000000000  .000000000000000  .012361613629616
 6  .012361613629616  .000000000000000  .000000000000000  .012361613629616
 7  .012361613629616  .000000000000000  .000000000000000  .012361613629616
 8  .012361613629616  .000000000000000  .000000000000000  .012361613629616
 9  .012361613629616  .000000000000000  .000000000000000  .012361613629616
 10  .012361613629616  .000000000000000  .000000000000000  .012361613629616
 11  .012361613629616  .000000000000000  .000000000000000  .012361613629616
 12  .012361613629616  .000000000000000  .000000000000000  .012361613629616
 13  .012361613629616  .000000000000000  .000000000000000  .012361613629616
 14  .012361613629616  .000000000000000  .000000000000000  .012361613629616
 15  .012361613629616  .000000000000000  .000000000000000  .012361613629616
 16  .012361613629616  .000000000000000  .000000000000000  .012361613629616
 17  .012361613629616  .000000000000000  .000000000000000  .012361613629616
 18  .012361613629616  .000000000000000  .000000000000000  .012361613629616
 19  .012361613629616  .000000000000000  .000000000000000  .012361613629616
&
