  Type    Harmonic   (l)             Total
     1
                 0     0  888.361020256166
                 1     1 -.000000380190833
                 2     2 -.020356181743732
                 3     3  .034501947286723
                 4     3  .000000144803783
                 5     4  .000000014039224
                 6     4 -.021024561108578
                 7     5  .081311497307337
                 8     5 -.000000015758356
                 9     6 -.000000002465982
                10     6  .058748753700812
                11     6 -.046626206740169
                12     7  .026624668405764
                13     7  .000000000481203
                14     7  .000000000648184
                15     8  .000000000682433
                16     8 -.003379443742553
                17     8  .012361613629616
