 energy and charge average matrices
  type  L       (e_i|H|e_j)                    (e_i|e_j)       
     0  0  .051177892  .005056554        .222789305  .025363208
           .005056554 -3.01636497        .025363208  1.00316019
     0  1  .032044032  .012600249        .094576509  .041900008
           .012600249 -3.83193854        .041900008  2.99728547
     0  2  .242580812  .027086167        .697168700  .076821246
           .027086167  .002437936        .076821246  .015781718
     0  3  .005288507 -.000348075        .015449642 -.001456949
          -.000348075 -.000858002       -.001456949  .002831842
     0  4  .001173546 -.000300178        .003541694 -.001181007
          -.000300178 -.000456477       -.001181007  .001324881
     0  5  .000204104 -.000018966        .000635063 -.000170998
          -.000018966 -.000215766       -.000170998  .000356888
     0  6  .000061697 -.000002249        .000194806 -.000043064
          -.000002249 -.000083111       -.000043064  .000092750
     0  7  .000018706 -.000000946        .000061796 -.000018709
          -.000000946 -.000026552       -.000018709  .000032284
     0  8  .000004533 -.000000931        .000016090 -.000007131
          -.000000931 -.000007452       -.000007131  .000011913
