 ( 4i3 )
  1  8  1  2 npan, lm, ntype, spins
 ( 2i3 )
  3  2    ntls, nsets
 ( 3e22.14 )
 -0.30239975264364E+01 -0.30239442502196E+01 -0.30238909740027E+01
 ( 3e22.14 )
  0.22850092581364E+00  0.33781638182838E+00  0.34877536970919E+00
  0.36191606787166E+00  0.40414383691635E+00  0.43214779705700E+00
  0.42979557387601E+00  0.46920860485194E+00  0.43867898350937E+00
  0.28491442124079E+00  0.33913901726644E+00  0.36609732802798E+00
  0.35893239816654E+00  0.44581185340266E+00  0.46143234718347E+00
  0.48161922856880E+00  0.53141957315640E+00  0.47410581267258E+00
 -0.28794680051859E+01 -0.12367945074498E+01  0.18961671884836E+00
 -0.40566992622907E+00 -0.90904351447582E+00 -0.98103550237686E+00
 -0.13015687979512E+01 -0.13989625512686E+01 -0.14103603649134E+01
 -0.26863293228050E+01 -0.11111256103361E+01  0.11160806635566E+00
 -0.92230451052523E+00 -0.14522581899982E+01 -0.11609199637170E+01
 -0.12296233855796E+01 -0.13931475702809E+01 -0.14862868272413E+01
