 ( 4i3 )
  1  8  1  2 npan, lm, ntype, spins
 ( 2i3 )
  3  2    ntls, nsets
 ( 3e22.14 )
 -0.30239809808993E+01 -0.30239601193286E+01 -0.30239392577579E+01
 ( 3e22.14 )
  0.22850843782498E+00  0.33782000135613E+00  0.34879732349740E+00
  0.36194449037024E+00  0.40414651706845E+00  0.43217977802571E+00
  0.42980921086393E+00  0.46921895114760E+00  0.43869325627702E+00
  0.28490327528603E+00  0.33907701634593E+00  0.36606873860498E+00
  0.35890560741947E+00  0.44574948679676E+00  0.46141148120745E+00
  0.48159203996897E+00  0.53140085923733E+00  0.47406895510052E+00
 -0.28794626563740E+01 -0.12367880700229E+01  0.18963681052411E+00
 -0.40549733916319E+00 -0.90892568998901E+00 -0.98098426310602E+00
 -0.13015506352988E+01 -0.13989048588234E+01 -0.14103450443071E+01
 -0.26863273868354E+01 -0.11111352825361E+01  0.11151257009828E+00
 -0.92239509825020E+00 -0.14525971430578E+01 -0.11609574283689E+01
 -0.12296488567490E+01 -0.13931856601617E+01 -0.14862954298573E+01
