"Start runs mpirun -np 64 ../rspt 1.00e-12 99 on m209.uppmax.uu.se, Fri Nov 14 15:51:59 2014"
     1, -46844.3209459587
     2, -46844.3234677096
     3, -46844.3280215339
     4, -46844.3319122580
     5, -46844.3321815501
     6, -46844.3330001154
     7, -46844.3332719799
     8, -46844.3333075087
     9, -46844.3333838704
    10, -46844.3333764521
    11, -46844.3333723404
    12, -46844.3333516402
    13, -46844.3333534398
    14, -46844.3333632754
    15, -46844.3333638205
    16, -46844.3333648866
    17, -46844.3333649974
    18, -46844.3333651379
    19, -46844.3333649643
    20, -46844.3333638385
"Start runs mpirun -np 64 ../rspt 1.00e-12 99 on m209.uppmax.uu.se, Fri Nov 14 16:29:59 2014"
    21, -46844.3333499981
    22, -46844.3333499953
    23, -46844.3333514899
    24, -46844.3333514979
    25, -46844.3333516954
    26, -46844.3333518224
    27, -46844.3333520559
"Start runs mpirun -np 64 ../rspt 1.00e-12 99 on m209.uppmax.uu.se, Fri Nov 14 17:10:22 2014"
    29, -46844.3333529887
    30, -46844.3333530105
    31, -46844.3333529918
    32, -46844.3333529201
"Start runs mpirun -np 64  ../rspt 1.00e-12 99 on m210.uppmax.uu.se, Mon Nov 17 22:53:29 2014"
    34, -46836.2831300524
    35, -46836.2831234822
    36, -46843.8938634701
    37, -46843.9366492730
    38, -46844.1635180113
    39, -46844.3267290598
    40, -46844.3277661600
    41, -46844.3286004628
    42, -46844.3311370703
    43, -46844.3312290750
    44, -46844.3315328542
    45, -46844.3315562813
    46, -46844.3316511007
    47, -46844.3316588908
    48, -46844.3316686095
    49, -46844.3316695087
    50, -46844.3316719119
    51, -46844.3316723703
    52, -46844.3316733426
    53, -46844.3316730180
    54, -46844.3316725320
    55, -46844.3316726609
    56, -46844.3316732671
    57, -46844.3316733835
"Start runs mpirun -np 64  ../rspt 1.00e-12 99 on m209.uppmax.uu.se, Tue Nov 18 10:01:36 2014"
    58, -46844.3316609082
    59, -46844.3316609231
    60, -46844.3316610754
    61, -46844.3316613121
    62, -46844.3316621938
    63, -46844.3316621686
    64, -46844.3316621609
    65, -46844.3316622601
    66, -46844.3316625050
