"Start runs mpirun -np 64 ../rspt 1.00e-12 99 on m209.uppmax.uu.se,  Fri Nov 14 15:51:59 2014"
  4.94444000e-04 -46844.3209459587  4.68443209e+04
  3.47720270e-05 -46844.3234677096  2.52175090e-03
  1.36260130e-05 -46844.3280215339  4.55382430e-03
  8.69984820e-07 -46844.3319122580  3.89072410e-03
  6.98480430e-07 -46844.3321815501  2.69292097e-04
  2.73780380e-07 -46844.3330001154  8.18565306e-04
  1.68779910e-07 -46844.3332719799  2.71864497e-04
  9.94976170e-08 -46844.3333075087  3.55287993e-05
  6.32422170e-09 -46844.3333838704  7.63616990e-05
  4.31825000e-09 -46844.3333764521  7.41829717e-06
  3.23961090e-09 -46844.3333723404  4.11170186e-06
  3.80900530e-10 -46844.3333516402  2.07002013e-05
  3.04406760e-10 -46844.3333534398  1.79959898e-06
  6.52184660e-11 -46844.3333632754  9.83560312e-06
  4.29478210e-11 -46844.3333638205  5.45100193e-07
  1.79042590e-11 -46844.3333648866  1.06610241e-06
  1.18546470e-11 -46844.3333649974  1.10798283e-07
  2.16081570e-12 -46844.3333651379  1.40498742e-07
  1.68136260e-12 -46844.3333649643  1.73597073e-07
  3.31235700e-14 -46844.3333638385  1.12580165e-06
"Start runs mpirun -np 64 ../rspt 1.00e-12 99 on m209.uppmax.uu.se,  Fri Nov 14 16:29:59 2014"
  1.42396270e-10 -46844.3333499981  4.68443333e+04
  1.42555580e-10 -46844.3333499953  2.80124368e-09
  1.49533950e-11 -46844.3333514899  1.49459811e-06
  1.22883470e-11 -46844.3333514979  8.00355338e-09
  1.92274350e-12 -46844.3333516954  1.97498593e-07
  1.09604670e-12 -46844.3333518224  1.27001840e-07
  3.42666510e-13 -46844.3333520559  2.33500032e-07
"Start runs mpirun -np 64 ../rspt 1.00e-12 99 on m209.uppmax.uu.se,  Fri Nov 14 17:10:22 2014"
  2.20553550e-12 -46844.3333529887  4.68443334e+04
  1.50804390e-12 -46844.3333530105  2.17987690e-08
  1.19287190e-12 -46844.3333529918  1.86992111e-08
  9.75982440e-14 -46844.3333529201  7.17045623e-08
"Start runs mpirun -np 64  ../rspt 1.00e-12 99 on m210.uppmax.uu.se,  Mon Nov 17 22:53:29 2014"
  1.76949060e-02 -46836.2831300524  4.68362831e+04
  1.77756750e-02 -46836.2831234822  6.57019700e-06
  1.26411830e-03 -46843.8938634701  7.61073999e+00
  9.38390980e-04 -46843.9366492730  4.27858029e-02
  4.34099750e-04 -46844.1635180113  2.26868738e-01
  1.84822140e-05 -46844.3267290598  1.63211049e-01
  1.20748320e-05 -46844.3277661600  1.03710020e-03
  9.10889090e-06 -46844.3286004628  8.34302802e-04
  1.57521450e-06 -46844.3311370703  2.53660750e-03
  1.24261070e-06 -46844.3312290750  9.20046950e-05
  1.75527040e-07 -46844.3315328542  3.03779205e-04
  1.29562050e-07 -46844.3315562813  2.34270992e-05
  1.10557320e-08 -46844.3316511007  9.48193992e-05
  6.39544280e-09 -46844.3316588908  7.79009861e-06
  2.62145050e-09 -46844.3316686095  9.71870031e-06
  1.68472620e-09 -46844.3316695087  8.99199222e-07
  3.82872140e-10 -46844.3316719119  2.40320514e-06
  2.94203280e-10 -46844.3316723703  4.58399882e-07
  9.04589180e-11 -46844.3316733426  9.72300768e-07
  4.97487430e-11 -46844.3316730180  3.24602297e-07
  1.37469110e-11 -46844.3316725320  4.86004865e-07
  9.51092660e-12 -46844.3316726609  1.28900865e-07
  1.21830150e-12 -46844.3316732671  6.06203685e-07
  7.39748670e-13 -46844.3316733835  1.16400770e-07
"Start runs mpirun -np 64  ../rspt 1.00e-12 99 on m209.uppmax.uu.se,  Tue Nov 18 10:01:36 2014"
  1.34527080e-10 -46844.3316609082  4.68443317e+04
  1.33916110e-10 -46844.3316609231  1.48938852e-08
  7.51841910e-11 -46844.3316610754  1.52300345e-07
  5.50194040e-11 -46844.3316613121  2.36701453e-07
  1.11708740e-11 -46844.3316621938  8.81700544e-07
  8.71726010e-12 -46844.3316621686  2.51966412e-08
  3.09213850e-12 -46844.3316621609  7.70523911e-09
  1.67037920e-12 -46844.3316622601  9.92004061e-08
  2.86457110e-13 -46844.3316625050  2.44901457e-07
