# ACE/gr parameter file
#
@    version 50122
@    world xmin 0.25
@    world xmax 0.75
@    title font 5
@    xaxis  tick major 0.1
@    xaxis  tick minor 0.02
@    xaxis  label "(r-r\s1\N)/d"
@    xaxis  label font 5
@    xaxis  label char size 1.2
@    xaxis  ticklabel font 4
@    xaxis  ticklabel char size 1
@    yaxis  tick major .1
@    yaxis  tick minor .02
@    yaxis  label font 4
@    yaxis  label char size 1.2
@    yaxis  ticklabel font 5
@    yaxis  ticklabel char size 1
@    title "potential between neighbors"
@    yaxis  label "V(r) (Ry)"
@    world ymin -10.
@    world ymax   .0
@    yaxis  tick major 2
@    yaxis  tick minor 1
@ s0 color  1
@ s0 linestyle  1
@ legend string 0 "(1)-(1)"
@target s0
@type xy
  .1000000000 -29.76636423
  .1050000000 -26.60542127
  .1100000000 -23.87302223
  .1150000000 -21.50223881
  .1200000000 -19.43752473
  .1250000000 -17.62602566
  .1300000000 -16.03052102
  .1350000000 -14.61965983
  .1400000000 -13.36694899
  .1450000000 -12.24994687
  .1500000000 -11.25345072
  .1550000000 -10.36004059
  .1600000000 -9.553566812
  .1650000000 -8.826789092
  .1700000000 -8.168522643
  .1750000000 -7.569943853
  .1800000000 -7.025656821
  .1850000000 -6.528764974
  .1900000000 -6.072847039
  .1950000000 -5.657273419
  .2000000000 -5.274141707
  .2050000000 -4.920611478
  .2100000000 -4.596817631
  .2150000000 -4.297322221
  .2200000000 -4.019914830
  .2250000000 -3.762728360
  .2300000000 -3.524062169
  .2350000000 -3.302792908
  .2400000000 -3.097403587
  .2450000000 -2.906032287
  .2500000000 -2.727538399
  .2550000000 -2.560881795
  .2600000000 -2.405114294
  .2650000000 -2.259371868
  .2700000000 -2.122867482
  .2750000000 -1.994884454
  .2800000000 -1.874770291
  .2850000000 -1.761930933
  .2900000000 -1.656294042
  .2950000000 -1.557053147
  .3000000000 -1.463637864
  .3050000000 -1.375632169
  .3100000000 -1.292656593
  .3150000000 -1.214364326
  .3200000000 -1.140437688
  .3250000000 -1.071479213
  .3300000000 -1.006362805
  .3350000000 -.9448074764
  .3400000000 -.8865841396
  .3450000000 -.8319299432
  .3500000000 -.7808131953
  .3550000000 -.7324288631
  .3600000000 -.6866060151
  .3650000000 -.6439513803
  .3700000000 -.6039274124
  .3750000000 -.5660024900
  .3800000000 -.5304646762
  .3850000000 -.4975584594
  .3900000000 -.4663633270
  .3950000000 -.4371676086
  .4000000000 -.4103236093
  .4050000000 -.3848643149
  .4100000000 -.3613378395
  .4150000000 -.3396599944
  .4200000000 -.3190928680
  .4250000000 -.3006593247
  .4300000000 -.2833941985
  .4350000000 -.2674154110
  .4400000000 -.2531926518
  .4450000000 -.2397113614
  .4500000000 -.2281285696
  .4550000000 -.2173456810
  .4600000000 -.2078947404
  .4650000000 -.1996358635
  .4700000000 -.1922360937
  .4750000000 -.1863584954
  .4800000000 -.1809491770
  .4850000000 -.1773403821
  .4900000000 -.1739998788
  .4950000000 -.1724576671
  .5000000000 -.1757031871
  .5050000000 -.1724576671
  .5100000000 -.1739998788
  .5150000000 -.1773403821
  .5200000000 -.1809491770
  .5250000000 -.1863584954
  .5300000000 -.1922360937
  .5350000000 -.1996358635
  .5400000000 -.2078947404
  .5450000000 -.2173456810
  .5500000000 -.2281285696
  .5550000000 -.2397113614
  .5600000000 -.2531926518
  .5650000000 -.2674154110
  .5700000000 -.2833941985
  .5750000000 -.3006593247
  .5800000000 -.3190928680
  .5850000000 -.3396599944
  .5900000000 -.3613378395
  .5950000000 -.3848643149
  .6000000000 -.4103236093
  .6050000000 -.4371676086
  .6100000000 -.4663633270
  .6150000000 -.4975584594
  .6200000000 -.5304646762
  .6250000000 -.5660024900
  .6300000000 -.6039274124
  .6350000000 -.6439513803
  .6400000000 -.6866060151
  .6450000000 -.7324288631
  .6500000000 -.7808131953
  .6550000000 -.8319299432
  .6600000000 -.8865841396
  .6650000000 -.9448074764
  .6700000000 -1.006362805
  .6750000000 -1.071479213
  .6800000000 -1.140437688
  .6850000000 -1.214364326
  .6900000000 -1.292656593
  .6950000000 -1.375632169
  .7000000000 -1.463637864
  .7050000000 -1.557053147
  .7100000000 -1.656294042
  .7150000000 -1.761930933
  .7200000000 -1.874770291
  .7250000000 -1.994884454
  .7300000000 -2.122867482
  .7350000000 -2.259371868
  .7400000000 -2.405114294
  .7450000000 -2.560881795
  .7500000000 -2.727538399
  .7550000000 -2.906032287
  .7600000000 -3.097403587
  .7650000000 -3.302792908
  .7700000000 -3.524062169
  .7750000000 -3.762728360
  .7800000000 -4.019914830
  .7850000000 -4.297322221
  .7900000000 -4.596817631
  .7950000000 -4.920611478
  .8000000000 -5.274141707
  .8050000000 -5.657273419
  .8100000000 -6.072847039
  .8150000000 -6.528764974
  .8200000000 -7.025656821
  .8250000000 -7.569943853
  .8300000000 -8.168522643
  .8350000000 -8.826789092
  .8400000000 -9.553566812
  .8450000000 -10.36004059
  .8500000000 -11.25345072
  .8550000000 -12.24994687
  .8600000000 -13.36694899
  .8650000000 -14.61965983
  .8700000000 -16.03052102
  .8750000000 -17.62602566
  .8800000000 -19.43752473
  .8850000000 -21.50223881
  .8900000000 -23.87302223
  .8950000000 -26.60542127
&
@ s1 color  1
@ s1 linestyle  1
@target s1
@type xy
  .4992521127 -10.000
  .4992521127  10.000
  .5007478872  10.000
  .5007478872 -10.000
&
