# ACE/gr parameter file
#
@    version 50122
@    world xmin 0.25
@    world xmax 0.75
@    title font 5
@    xaxis  tick major 0.1
@    xaxis  tick minor 0.02
@    xaxis  label "(r-r\s1\N)/d"
@    xaxis  label font 5
@    xaxis  label char size 1.2
@    xaxis  ticklabel font 4
@    xaxis  ticklabel char size 1
@    yaxis  tick major .1
@    yaxis  tick minor .02
@    yaxis  label font 4
@    yaxis  label char size 1.2
@    yaxis  ticklabel font 5
@    yaxis  ticklabel char size 1
@    title "potential between neighbors"
@    yaxis  label "V(r) (Ry)"
@    world ymin -10.
@    world ymax   .0
@    yaxis  tick major 2
@    yaxis  tick minor 1
@ s0 color  1
@ s0 linestyle  1
@ legend string 0 "(1)-(1)"
@target s0
@type xy
  .1000000000 -194.7050887
  .1050000000 -185.4301200
  .1100000000 -176.9914824
  .1150000000 -169.2878207
  .1200000000 -162.2326286
  .1250000000 -155.7404729
  .1300000000 -149.7482918
  .1350000000 -144.2010703
  .1400000000 -139.0506437
  .1450000000 -134.2547259
  .1500000000 -129.7839577
  .1550000000 -125.6038363
  .1600000000 -121.6806456
  .1650000000 -117.9988041
  .1700000000 -114.5337501
  .1750000000 -111.2649524
  .1800000000 -108.1796881
  .1850000000 -105.2608723
  .1900000000 -102.4919853
  .1950000000 -99.87141905
  .2000000000 -97.37774366
  .2050000000 -95.00271020
  .2100000000 -92.74677793
  .2150000000 -90.59398184
  .2200000000 -88.53746426
  .2250000000 -86.57129943
  .2300000000 -84.68998942
  .2350000000 -82.88988167
  .2400000000 -81.16596802
  .2450000000 -79.51186495
  .2500000000 -77.92352204
  .2550000000 -76.39716177
  .2600000000 -74.92925817
  .2650000000 -73.51651756
  .2700000000 -72.15586093
  .2750000000 -70.84440799
  .2800000000 -69.57946258
  .2850000000 -68.35849933
  .2900000000 -67.18119726
  .2950000000 -66.04405764
  .3000000000 -64.94448101
  .3050000000 -63.88048401
  .3100000000 -62.85020443
  .3150000000 -61.85189302
  .3200000000 -60.88390589
  .3250000000 -59.94896392
  .3300000000 -59.04160365
  .3350000000 -58.16028240
  .3400000000 -57.30369620
  .3450000000 -56.47281404
  .3500000000 -55.66733048
  .3550000000 -54.88312490
  .3600000000 -54.11915924
  .3650000000 -53.37825565
  .3700000000 -52.65760160
  .3750000000 -51.95438289
  .3800000000 -51.26986356
  .3850000000 -50.60512291
  .3900000000 -49.95540449
  .3950000000 -49.32199726
  .4000000000 -48.70654053
  .4050000000 -48.10402552
  .4100000000 -47.51707437
  .4150000000 -46.94513067
  .4200000000 -46.38433250
  .4250000000 -45.83970634
  .4300000000 -45.30624014
  .4350000000 -44.78440450
  .4400000000 -44.27638574
  .4450000000 -43.77699539
  .4500000000 -43.29180405
  .4550000000 -42.81522813
  .4600000000 -42.34974069
  .4650000000 -41.89443261
  .4700000000 -41.44763420
  .4750000000 -41.01215823
  .4800000000 -40.58309991
  .4850000000 -40.16612209
  .4900000000 -39.75440652
  .4950000000 -39.35419500
  .5000000000  .0222111353
  .5050000000 -39.35419500
  .5100000000 -39.75440652
  .5150000000 -40.16612209
  .5200000000 -40.58309991
  .5250000000 -41.01215823
  .5300000000 -41.44763420
  .5350000000 -41.89443261
  .5400000000 -42.34974069
  .5450000000 -42.81522813
  .5500000000 -43.29180405
  .5550000000 -43.77699539
  .5600000000 -44.27638574
  .5650000000 -44.78440450
  .5700000000 -45.30624014
  .5750000000 -45.83970634
  .5800000000 -46.38433250
  .5850000000 -46.94513067
  .5900000000 -47.51707437
  .5950000000 -48.10402552
  .6000000000 -48.70654053
  .6050000000 -49.32199726
  .6100000000 -49.95540449
  .6150000000 -50.60512291
  .6200000000 -51.26986356
  .6250000000 -51.95438289
  .6300000000 -52.65760160
  .6350000000 -53.37825565
  .6400000000 -54.11915924
  .6450000000 -54.88312490
  .6500000000 -55.66733048
  .6550000000 -56.47281404
  .6600000000 -57.30369620
  .6650000000 -58.16028240
  .6700000000 -59.04160365
  .6750000000 -59.94896392
  .6800000000 -60.88390589
  .6850000000 -61.85189302
  .6900000000 -62.85020443
  .6950000000 -63.88048401
  .7000000000 -64.94448101
  .7050000000 -66.04405764
  .7100000000 -67.18119726
  .7150000000 -68.35849933
  .7200000000 -69.57946258
  .7250000000 -70.84440799
  .7300000000 -72.15586093
  .7350000000 -73.51651756
  .7400000000 -74.92925817
  .7450000000 -76.39716177
  .7500000000 -77.92352204
  .7550000000 -79.51186495
  .7600000000 -81.16596802
  .7650000000 -82.88988167
  .7700000000 -84.68998942
  .7750000000 -86.57129943
  .7800000000 -88.53746426
  .7850000000 -90.59398184
  .7900000000 -92.74677793
  .7950000000 -95.00271020
  .8000000000 -97.37774366
  .8050000000 -99.87141905
  .8100000000 -102.4919853
  .8150000000 -105.2608723
  .8200000000 -108.1796881
  .8250000000 -111.2649524
  .8300000000 -114.5337501
  .8350000000 -117.9988041
  .8400000000 -121.6806456
  .8450000000 -125.6038363
  .8500000000 -129.7839577
  .8550000000 -134.2547259
  .8600000000 -139.0506437
  .8650000000 -144.2010703
  .8700000000 -149.7482918
  .8750000000 -155.7404729
  .8800000000 -162.2326286
  .8850000000 -169.2878207
  .8900000000 -176.9914824
  .8950000000 -185.4301200
&
@ s1 color  1
@ s1 linestyle  1
@target s1
@type xy
  .4992521127 -10.000
  .4992521127  10.000
  .5007478872  10.000
  .5007478872 -10.000
&
