 ( 4i3 )
  1  8  3  2 npan, lm, ntype, spins
 ( 2i3 )
  3  2    ntls, nsets
 ( 3e22.14 )
 -0.11678450806061E+02 -0.69239544256452E+00  0.10293659920932E+02
 ( 3e22.14 )
  0.37753061990544E+00  0.55405094257885E+00  0.64916022863140E+00
  0.61845241054794E+00  0.65159003146280E+00  0.70212437466259E+00
  0.67809465257027E+00  0.68196781556530E+00  0.63957492734926E+00
  0.36560233929657E+00  0.51694754744480E+00  0.61590083924656E+00
  0.58028806429665E+00  0.59418233109301E+00  0.62531274110960E+00
  0.60912540594617E+00  0.60988229508585E+00  0.59127744989591E+00
 -0.58658310698245E+01 -0.33131964202715E+01  0.33313079905708E+00
  0.31887033750334E+00 -0.37642889109166E+00 -0.13984534194372E+01
 -0.20503500885383E+01 -0.21436830638123E+01 -0.20216398073485E+01
 -0.59724832218847E+01 -0.34207638989893E+01  0.24796457788588E+00
  0.25074953789976E+00 -0.40003797625838E+00 -0.13568920434142E+01
 -0.20526157857896E+01 -0.20604986751753E+01 -0.19137032778855E+01
  0.41173485599829E+00  0.56994199880405E+00  0.61747371793222E+00
  0.66837891264310E+00  0.68147859654039E+00  0.69777003583859E+00
  0.68813521062941E+00  0.71101965939569E+00  0.67213133753767E+00
  0.38570227565640E+00  0.53570938140605E+00  0.57042054625862E+00
  0.61416702825647E+00  0.64033901617949E+00  0.66488292355577E+00
  0.67144180522586E+00  0.65160873527252E+00  0.63861077229769E+00
 -0.52594606039998E+01 -0.29182600583229E+01  0.35433405681314E+00
  0.19559273621226E+00 -0.10067055434482E+01 -0.19319121046879E+01
 -0.23333007120302E+01 -0.23091621786607E+01 -0.19753468065749E+01
 -0.54843863610871E+01 -0.31399811120552E+01  0.22009810927341E+00
  0.12761384987997E+00 -0.87305805095752E+00 -0.18360162099331E+01
 -0.21018703240792E+01 -0.23684457289719E+01 -0.19056447111113E+01
  0.29751636566699E+00  0.53076125024976E+00  0.62937862987240E+00
  0.65456276358861E+00  0.67600422660175E+00  0.69724805347177E+00
  0.70048611082237E+00  0.69028533669015E+00  0.68762503305373E+00
  0.31068063675087E+00  0.51549332344175E+00  0.57579378797886E+00
  0.60985507159725E+00  0.63083597867412E+00  0.64868477940781E+00
  0.65622989215536E+00  0.65601433088697E+00  0.64251030516252E+00
  0.28022471651130E+00  0.50610583347707E+00  0.57075254308690E+00
  0.42282380519641E+00 -0.88329574739446E-01 -0.10777027365644E+01
 -0.19305557925991E+01 -0.22703748937698E+01 -0.23907378941388E+01
  0.27790216674427E+00  0.48339010901385E+00  0.50761647008612E+00
  0.36457676430756E+00 -0.12794927730256E+00 -0.10661047371031E+01
 -0.19558411201106E+01 -0.22719400338569E+01 -0.25186027980924E+01
