# ACE/gr parameter file
#
@    version 50122
@    world xmin 0.25
@    world xmax 0.75
@    title font 5
@    xaxis  tick major 0.1
@    xaxis  tick minor 0.02
@    xaxis  label "(r-r\s1\N)/d"
@    xaxis  label font 5
@    xaxis  label char size 1.2
@    xaxis  ticklabel font 4
@    xaxis  ticklabel char size 1
@    yaxis  tick major .1
@    yaxis  tick minor .02
@    yaxis  label font 4
@    yaxis  label char size 1.2
@    yaxis  ticklabel font 5
@    yaxis  ticklabel char size 1
@    title "potential between neighbors"
@    yaxis  label "V(r) (Ry)"
@    world ymin -10.
@    world ymax   .0
@    yaxis  tick major 2
@    yaxis  tick minor 1
@ s0 color  1
@ s0 linestyle  1
@ legend string 0 "(1)-(2)"
@target s0
@type xy
  .1000000000 -34.78790975
  .1050000000 -31.59679987
  .1100000000 -28.76521940
  .1150000000 -26.23962806
  .1200000000 -23.98019358
  .1250000000 -21.95920887
  .1300000000 -20.13370333
  .1350000000 -18.49389256
  .1400000000 -17.00596105
  .1450000000 -15.66618129
  .1500000000 -14.44550033
  .1550000000 -13.33903390
  .1600000000 -12.33488931
  .1650000000 -11.41775412
  .1700000000 -10.57958841
  .1750000000 -9.813317478
  .1800000000 -9.115855002
  .1850000000 -8.475978533
  .1900000000 -7.888305647
  .1950000000 -7.347942990
  .2000000000 -6.850447316
  .2050000000 -6.391789746
  .2100000000 -5.968322629
  .2150000000 -5.576748536
  .2200000000 -5.214091099
  .2250000000 -4.877667488
  .2300000000 -4.566305162
  .2350000000 -4.277999260
  .2400000000 -4.009448186
  .2450000000 -3.758853129
  .2500000000 -3.524602643
  .2550000000 -3.305253097
  .2600000000 -3.101980352
  .2650000000 -2.912123410
  .2700000000 -2.733523417
  .2750000000 -2.565238045
  .2800000000 -2.409021836
  .2850000000 -2.262543381
  .2900000000 -2.123886954
  .2950000000 -1.993726116
  .3000000000 -1.872706581
  .3050000000 -1.757622764
  .3100000000 -1.649383649
  .3150000000 -1.548666872
  .3200000000 -1.452453556
  .3250000000 -1.362782449
  .3300000000 -1.278357854
  .3350000000 -1.197524683
  .3400000000 -1.123505815
  .3450000000 -1.052231141
  .3500000000 -.9859280123
  .3550000000 -.9232838241
  .3600000000 -.8638912507
  .3650000000 -.8089060272
  .3700000000 -.7558694439
  .3750000000 -.7076936453
  .3800000000 -.6607064705
  .3850000000 -.6184109001
  .3900000000 -.5771521467
  .3950000000 -.5399724178
  .4000000000 -.5038383087
  .4050000000 -.4714279953
  .4100000000 -.4398894026
  .4150000000 -.4119493131
  .4200000000 -.3845412433
  .4250000000 -.3608179197
  .4300000000 -.3373720683
  .4350000000 -.3174138957
  .4400000000 -.2979241810
  .4450000000 -.2812046659
  .4500000000 -.2655116816
  .4550000000 -.2517334802
  .4600000000 -.2397225398
  .4650000000 -.2286070974
  .4700000000 -.2202095006
  .4750000000 -.2119007690
  .4800000000 -.2111109948
  .4850000000 -.2072591701
  .4900000000 -.2049021977
  .4950000000 -.2040315039
  .5000000000 -.2046426364
  .5050000000 -.2067352810
  .5100000000 -.2103132829
  .5150000000 -.2153846716
  .5200000000 -.2219616901
  .5250000000 -.2300608282
  .5300000000 -.2364806967
  .5350000000 -.2482230802
  .5400000000 -.2612974970
  .5450000000 -.2766938218
  .5500000000 -.2925205979
  .5550000000 -.3116602046
  .5600000000 -.3310160827
  .5650000000 -.3535312877
  .5700000000 -.3768159206
  .5750000000 -.4027855819
  .5800000000 -.4301841699
  .5850000000 -.4599829372
  .5900000000 -.4917258855
  .5950000000 -.5257754321
  .6000000000 -.5621382069
  .6050000000 -.6009176539
  .6100000000 -.6422212305
  .6150000000 -.6862768326
  .6200000000 -.7328888479
  .6250000000 -.7828434212
  .6300000000 -.8351801827
  .6350000000 -.8917428581
  .6400000000 -.9502723850
  .6450000000 -1.014249380
  .6500000000 -1.080298000
  .6550000000 -1.151802853
  .6600000000 -1.226716401
  .6650000000 -1.306029595
  .6700000000 -1.390934030
  .6750000000 -1.479299952
  .6800000000 -1.574947204
  .6850000000 -1.675369084
  .6900000000 -1.781021361
  .6950000000 -1.895096444
  .7000000000 -2.014730542
  .7050000000 -2.141296267
  .7100000000 -2.277582700
  .7150000000 -2.421148239
  .7200000000 -2.572605737
  .7250000000 -2.736462087
  .7300000000 -2.910029901
  .7350000000 -3.093983431
  .7400000000 -3.289631238
  .7450000000 -3.501036874
  .7500000000 -3.726114877
  .7550000000 -3.966153738
  .7600000000 -4.222589394
  .7650000000 -4.497022462
  .7700000000 -4.793668566
  .7750000000 -5.112364172
  .7800000000 -5.454848393
  .7850000000 -5.823495994
  .7900000000 -6.220936709
  .7950000000 -6.650078193
  .8000000000 -7.114130093
  .8050000000 -7.616629424
  .8100000000 -8.161467512
  .8150000000 -8.752918903
  .8200000000 -9.395672816
  .8250000000 -10.09486791
  .8300000000 -10.85613143
  .8350000000 -11.69139535
  .8400000000 -12.60429262
  .8450000000 -13.60147074
  .8500000000 -14.69124979
  .8550000000 -15.89610507
  .8600000000 -17.21628637
  .8650000000 -18.67071971
  .8700000000 -20.27822150
  .8750000000 -22.05515957
  .8800000000 -24.02348565
  .8850000000 -26.21987287
  .8900000000 -28.66772328
  .8950000000 -31.41052751
&
@ s1 color  1
@ s1 linestyle  1
@target s1
@type xy
  .4756097464 -10.000
  .4756097464  10.000
  .5265230327  10.000
  .5265230327 -10.000
&
@ s2 color  2
@ s2 linestyle  1
@ legend string 2 "(2)-(1)"
@target s2
@type xy
  .1000000000 -34.50137927
  .1050000000 -31.41052751
  .1100000000 -28.66772328
  .1150000000 -26.21987287
  .1200000000 -24.02348565
  .1250000000 -22.05515957
  .1300000000 -20.27822150
  .1350000000 -18.67071971
  .1400000000 -17.21628637
  .1450000000 -15.89610507
  .1500000000 -14.69124979
  .1550000000 -13.60147074
  .1600000000 -12.60429262
  .1650000000 -11.69139535
  .1700000000 -10.85613143
  .1750000000 -10.09486791
  .1800000000 -9.395672816
  .1850000000 -8.752918903
  .1900000000 -8.161467512
  .1950000000 -7.616629424
  .2000000000 -7.114130093
  .2050000000 -6.650078193
  .2100000000 -6.220936709
  .2150000000 -5.823495994
  .2200000000 -5.454848393
  .2250000000 -5.112364172
  .2300000000 -4.793668566
  .2350000000 -4.497022462
  .2400000000 -4.222589394
  .2450000000 -3.966153738
  .2500000000 -3.726114877
  .2550000000 -3.501036874
  .2600000000 -3.289631238
  .2650000000 -3.093983431
  .2700000000 -2.910029901
  .2750000000 -2.736462087
  .2800000000 -2.572605737
  .2850000000 -2.421148239
  .2900000000 -2.277582700
  .2950000000 -2.141296267
  .3000000000 -2.014730542
  .3050000000 -1.895096444
  .3100000000 -1.781021361
  .3150000000 -1.675369084
  .3200000000 -1.574947204
  .3250000000 -1.479299952
  .3300000000 -1.390934030
  .3350000000 -1.306029595
  .3400000000 -1.226716401
  .3450000000 -1.151802853
  .3500000000 -1.080298000
  .3550000000 -1.014249380
  .3600000000 -.9502723850
  .3650000000 -.8917428581
  .3700000000 -.8351801827
  .3750000000 -.7828434212
  .3800000000 -.7328888479
  .3850000000 -.6862768326
  .3900000000 -.6422212305
  .3950000000 -.6009176539
  .4000000000 -.5621382069
  .4050000000 -.5257754321
  .4100000000 -.4917258855
  .4150000000 -.4599829372
  .4200000000 -.4301841699
  .4250000000 -.4027855819
  .4300000000 -.3768159206
  .4350000000 -.3535312877
  .4400000000 -.3310160827
  .4450000000 -.3116602046
  .4500000000 -.2925205979
  .4550000000 -.2766938218
  .4600000000 -.2612974970
  .4650000000 -.2482230802
  .4700000000 -.2364806967
  .4750000000 -.2300608282
  .4800000000 -.2219616901
  .4850000000 -.2153846716
  .4900000000 -.2103132829
  .4950000000 -.2067352810
  .5000000000 -.2046426364
  .5050000000 -.2040315039
  .5100000000 -.2049021977
  .5150000000 -.2072591701
  .5200000000 -.2111109948
  .5250000000 -.2119007690
  .5300000000 -.2202095006
  .5350000000 -.2286070974
  .5400000000 -.2397225398
  .5450000000 -.2517334802
  .5500000000 -.2655116816
  .5550000000 -.2812046659
  .5600000000 -.2979241810
  .5650000000 -.3174138957
  .5700000000 -.3373720683
  .5750000000 -.3608179197
  .5800000000 -.3845412433
  .5850000000 -.4119493131
  .5900000000 -.4398894026
  .5950000000 -.4714279953
  .6000000000 -.5038383087
  .6050000000 -.5399724178
  .6100000000 -.5771521467
  .6150000000 -.6184109001
  .6200000000 -.6607064705
  .6250000000 -.7076936453
  .6300000000 -.7558694439
  .6350000000 -.8089060272
  .6400000000 -.8638912507
  .6450000000 -.9232838241
  .6500000000 -.9859280123
  .6550000000 -1.052231141
  .6600000000 -1.123505815
  .6650000000 -1.197524683
  .6700000000 -1.278357854
  .6750000000 -1.362782449
  .6800000000 -1.452453556
  .6850000000 -1.548666872
  .6900000000 -1.649383649
  .6950000000 -1.757622764
  .7000000000 -1.872706581
  .7050000000 -1.993726116
  .7100000000 -2.123886954
  .7150000000 -2.262543381
  .7200000000 -2.409021836
  .7250000000 -2.565238045
  .7300000000 -2.733523417
  .7350000000 -2.912123410
  .7400000000 -3.101980352
  .7450000000 -3.305253097
  .7500000000 -3.524602643
  .7550000000 -3.758853129
  .7600000000 -4.009448186
  .7650000000 -4.277999260
  .7700000000 -4.566305162
  .7750000000 -4.877667488
  .7800000000 -5.214091099
  .7850000000 -5.576748536
  .7900000000 -5.968322629
  .7950000000 -6.391789746
  .8000000000 -6.850447316
  .8050000000 -7.347942990
  .8100000000 -7.888305647
  .8150000000 -8.475978533
  .8200000000 -9.115855002
  .8250000000 -9.813317478
  .8300000000 -10.57958841
  .8350000000 -11.41775412
  .8400000000 -12.33488931
  .8450000000 -13.33903390
  .8500000000 -14.44550033
  .8550000000 -15.66618129
  .8600000000 -17.00596105
  .8650000000 -18.49389256
  .8700000000 -20.13370333
  .8750000000 -21.95920887
  .8800000000 -23.98019358
  .8850000000 -26.23962806
  .8900000000 -28.76521940
  .8950000000 -31.59679987
&
@ s3 color  2
@ s3 linestyle  1
@target s3
@type xy
  .4734769672 -10.000
  .4734769672  10.000
  .5243902535  10.000
  .5243902535 -10.000
&
@ s4 color  3
@ s4 linestyle  1
@ legend string 4 "(3)-(1)"
@target s4
@type xy
  .1000000000 -19.55487753
  .1050000000 -17.84041914
  .1100000000 -16.32556204
  .1150000000 -14.98060560
  .1200000000 -13.78411626
  .1250000000 -12.71715414
  .1300000000 -11.75621110
  .1350000000 -10.89590909
  .1400000000 -10.11479680
  .1450000000 -9.411912331
  .1500000000 -8.770282361
  .1550000000 -8.185773160
  .1600000000 -7.653468932
  .1650000000 -7.164428886
  .1700000000 -6.714332502
  .1750000000 -6.299319095
  .1800000000 -5.917276353
  .1850000000 -5.563745895
  .1900000000 -5.235516520
  .1950000000 -4.930225556
  .2000000000 -4.645767344
  .2050000000 -4.380265786
  .2100000000 -4.132049214
  .2150000000 -3.899627373
  .2200000000 -3.681670276
  .2250000000 -3.476988853
  .2300000000 -3.285542867
  .2350000000 -3.105625689
  .2400000000 -2.936198006
  .2450000000 -2.776468279
  .2500000000 -2.625716114
  .2550000000 -2.483282707
  .2600000000 -2.350303115
  .2650000000 -2.224727231
  .2700000000 -2.105828290
  .2750000000 -1.993120914
  .2800000000 -1.888065072
  .2850000000 -1.788674910
  .2900000000 -1.694195834
  .2950000000 -1.605393830
  .3000000000 -1.522039396
  .3050000000 -1.442508476
  .3100000000 -1.367672560
  .3150000000 -1.297332286
  .3200000000 -1.229921081
  .3250000000 -1.166972214
  .3300000000 -1.107096335
  .3350000000 -1.049821927
  .3400000000 -.9965614877
  .3450000000 -.9450943957
  .3500000000 -.8969993290
  .3550000000 -.8509807899
  .3600000000 -.8072666478
  .3650000000 -.7660744565
  .3700000000 -.7263866185
  .3750000000 -.6894988456
  .3800000000 -.6535359893
  .3850000000 -.6205185924
  .3900000000 -.5881171793
  .3950000000 -.5585221294
  .4000000000 -.5294492055
  .4050000000 -.5030040086
  .4100000000 -.4769742419
  .4150000000 -.4535480397
  .4200000000 -.4304023976
  .4250000000 -.4098118485
  .4300000000 -.3895489560
  .4350000000 -.3726670296
  .4400000000 -.3556880868
  .4450000000 -.3400500343
  .4500000000 -.3257330193
  .4550000000 -.3127207742
  .4600000000 -.3010003295
  .4650000000 -.2905617820
  .4700000000 -.2813981199
  .4750000000 -.2735051030
  .4800000000 -.2668811930
  .4850000000 -.2615275298
  .4900000000 -.2574479449
  .4950000000 -.2546490040
  .5000000000 -.2531400734
  .5050000000 -.2529333995
  .5100000000 -.2540441986
  .5150000000 -.2564907480
  .5200000000 -.2602944778
  .5250000000 -.2632266529
  .5300000000 -.2709354523
  .5350000000 -.2787267003
  .5400000000 -.2891393616
  .5450000000 -.3004133593
  .5500000000 -.3134063040
  .5550000000 -.3282619829
  .5600000000 -.3441209474
  .5650000000 -.3626984136
  .5700000000 -.3817315386
  .5750000000 -.4042113727
  .5800000000 -.4269572465
  .5850000000 -.4533637306
  .5900000000 -.4802893635
  .5950000000 -.5108033162
  .6000000000 -.5421765945
  .6050000000 -.5772736552
  .6100000000 -.6134054245
  .6150000000 -.6536250491
  .6200000000 -.6948709965
  .6250000000 -.7408264674
  .6300000000 -.7879613270
  .6350000000 -.8399788105
  .6400000000 -.8939417409
  .6450000000 -.9523301985
  .6500000000 -1.013977515
  .6550000000 -1.079294022
  .6600000000 -1.149602277
  .6650000000 -1.222654916
  .6700000000 -1.302553992
  .6750000000 -1.386048177
  .6800000000 -1.474804425
  .6850000000 -1.570124294
  .6900000000 -1.669953147
  .6950000000 -1.777327168
  .7000000000 -1.891560393
  .7050000000 -2.011737059
  .7100000000 -2.141076640
  .7150000000 -2.278925788
  .7200000000 -2.424605698
  .7250000000 -2.580037570
  .7300000000 -2.747557128
  .7350000000 -2.925400279
  .7400000000 -3.114510070
  .7450000000 -3.317048697
  .7500000000 -3.535680073
  .7550000000 -3.769221943
  .7600000000 -4.019118446
  .7650000000 -4.286981487
  .7700000000 -4.574610330
  .7750000000 -4.885309066
  .7800000000 -5.221082303
  .7850000000 -5.583101191
  .7900000000 -5.974049359
  .7950000000 -6.396904078
  .8000000000 -6.854963805
  .8050000000 -7.351877361
  .8100000000 -7.891674945
  .8150000000 -8.478801281
  .8200000000 -9.118151360
  .8250000000 -9.815109399
  .8300000000 -10.58090431
  .8350000000 -11.41862117
  .8400000000 -12.33533664
  .8450000000 -13.33909290
  .8500000000 -14.44520914
  .8550000000 -15.66558104
  .8600000000 -17.00509034
  .8650000000 -18.49280100
  .8700000000 -20.13243462
  .8750000000 -21.95781409
  .8800000000 -23.97871669
  .8850000000 -26.23811479
  .8900000000 -28.76370508
  .8950000000 -31.59530779
&
@ s5 color  3
@ s5 linestyle  1
@target s5
@type xy
  .4308213846 -10.000
  .4308213846  10.000
  .5243902535  10.000
  .5243902535 -10.000
&
