 (i6, f12.0, f18.0, f8.3, i6)
   670  60.0000000  0.02500000000000  28.000     2
 (3e22.14)
  2.99785627573422e-06  3.14822239435847e-06  3.30613016966885e-06
  3.47195782587790e-06  3.64610255336458e-06  3.82898145956288e-06
  4.02103256751086e-06  4.22271586444773e-06  4.43451440296639e-06
  4.65693545735412e-06  4.89051173788764e-06  5.13580266598148e-06
  5.39339571324481e-06  5.66390780763799e-06  5.94798681010478e-06
  6.24631306518648e-06  6.55960102936013e-06  6.88860098093621e-06
  7.23410081568921e-06  7.59692793238457e-06  7.97795121286751e-06
  8.37808310127808e-06  8.79828178750214e-06  9.23955349997383e-06
  9.70295491336786e-06  1.01895956768869e-05  1.07006410692405e-05
  1.12373147865653e-05  1.18009018700825e-05  1.23927517802839e-05
  1.30142816252358e-05  1.36669795504470e-05  1.43524082986175e-05
  1.50722089476040e-05  1.58281048356225e-05  1.66219056829800e-05
  1.74555119202674e-05  1.83309192331880e-05  1.92502233350959e-05
  2.02156249782947e-05  2.12294352164674e-05  2.22940809303504e-05
  2.34121106302039e-05  2.45862005486439e-05  2.58191610385270e-05
  2.71139432910140e-05  2.84736463899823e-05  2.99015247193462e-05
  3.14009957413210e-05  3.29756481636020e-05  3.46292505156138e-05
  3.63657601535227e-05  3.81893327160834e-05  4.01043320533863e-05
  4.21153406524142e-05  4.42271705840162e-05  4.64448749976150e-05
  4.87737601905745e-05  5.12193982815851e-05  5.37876405172751e-05
  5.64846312448626e-05  5.93168225828409e-05  6.22909898256240e-05
  6.54142476180081e-05  6.86940669383456e-05  7.21382929304209e-05
  7.57551636268333e-05  7.95533296076293e-05  8.35418746419429e-05
  8.77303373600599e-05  9.21287340092996e-05  9.67475823456355e-05
  1.01597926719482e-04  1.06691364413861e-04  1.12040073298157e-04
  1.17656840862397e-04  1.23555094701606e-04  1.29748934521214e-04
  1.36253165741022e-04  1.43083334775153e-04  1.50255766073565e-04
  1.57787601011005e-04  1.65696838716639e-04  1.74002378939670e-04
  1.82724067053925e-04  1.91882741305004e-04  2.01500282415444e-04
  2.11599665660211e-04  2.22205015540201e-04  2.33341663178663e-04
  2.45036206578637e-04  2.57316573881721e-04  2.70212089778385e-04
  2.83753545224631e-04  2.97973270631504e-04  3.12905212695860e-04
  3.28585015058435e-04  3.45050102971953e-04  3.62339772185243e-04
  3.80495282245911e-04  3.99559954444847e-04  4.19579274629539e-04
  4.40601001129211e-04  4.62675278041956e-04  4.85854754153201e-04
  5.10194707757400e-04  5.35753177683946e-04  5.62591100821989e-04
  5.90772456477314e-04  6.20364417887819e-04  6.51437511258324e-04
  6.84065782680735e-04  7.18326973331768e-04  7.54302703351434e-04
  7.92078664836867e-04  8.31744824389203e-04  8.73395635699154e-04
  9.17130262645070e-04  9.63052813440776e-04  1.01127258635805e-03
  1.06190432760463e-03  1.11506850194625e-03  1.17089157670344e-03
  1.22950631977080e-03  1.29105211235762e-03  1.35567527715169e-03
  1.42352942268734e-03  1.49477580467629e-03  1.56958370516464e-03
  1.64813083035622e-03  1.73060372803394e-03  1.81719822552118e-03
  1.90811988919345e-03  2.00358450657599e-03  2.10381859214611e-03
  2.20905991796241e-03  2.31955807036203e-03  2.43557503395397e-03
  2.55738580426128e-03  2.68527903037649e-03  2.81955768910280e-03
  2.96053979207310e-03  3.10855912748504e-03  3.26396603805450e-03
  3.42712823701396e-03  3.59843166390357e-03  3.77828138213650e-03
  3.96710252029626e-03  4.16534125929205e-03  4.37346586754683e-03
  4.59196778654304e-03  4.82136276908902e-03  5.06219207288628e-03
  5.31502371193854e-03  5.58045376867251e-03  5.85910776953075e-03
  6.15164212715433e-03  6.45874565223264e-03  6.78114113836219e-03
  7.11958702332551e-03  7.47487913043781e-03  7.84785249365632e-03
  8.23938327049714e-03  8.65039074671596e-03  9.08183943724779e-03
  9.53474128768993e-03  1.00101579811962e-02  1.05092033555548e-02
  1.10330459356433e-02  1.15829115865448e-02  1.21600862929758e-02
  1.27659190707260e-02  1.34018250163698e-02  1.40692885013166e-02
  1.47698665171489e-02  1.55051921787894e-02  1.62769783929896e-02
  1.70870216994179e-02  1.79372062922938e-02  1.88295082306058e-02
  1.97659998455262e-02  2.07488543536480e-02  2.17803506855597e-02
  2.28628785388746e-02  2.39989436662567e-02  2.51911734082081e-02
  2.64423224819219e-02  2.77552790370441e-02  2.91330709902316e-02
  3.05788726504442e-02  3.20960116477829e-02  3.36879761785822e-02
  3.53584225808718e-02  3.71111832534884e-02  3.89502749344370e-02
  4.08799073525921e-02  4.29044922693281e-02  4.50286529256849e-02
  4.72572339122933e-02  4.95953114791687e-02  5.20482043037790e-02
  5.46214847353807e-02  5.73209905358173e-02  6.01528371352605e-02
  6.31234304251287e-02  6.62394801075032e-02  6.95080136243873e-02
  7.29363906881227e-02  7.65323184367358e-02  8.03038672374137e-02
  8.42594871631750e-02  8.84080251666627e-02  9.27587429783795e-02
  9.73213357532191e-02  1.02105951495213e-01  1.07123211284774e-01
  1.12384230339211e-01  1.17900639933131e-01  1.23684610209018e-01
  1.29748873906614e-01  1.36106751042302e-01  1.42772174566919e-01
  1.49759717035429e-01  1.57084618316036e-01  1.64762814373243e-01
  1.72810967153281e-01  1.81246495605254e-01  1.90087607867189e-01
  1.99353334650793e-01  2.09063563851030e-01  2.19239076417282e-01
  2.29901583507646e-01  2.41073764963322e-01  2.52779309124205e-01
  2.65042954017089e-01  2.77890529939031e-01  2.91349003461775e-01
  3.05446522876402e-01  3.20212465102371e-01  3.35677484071631e-01
  3.51873560612127e-01  3.68834053829987e-01  3.86593754011264e-01
  4.05188937036308e-01  4.24657420314512e-01  4.45038620229509e-01
  4.66373611088314e-01  4.88705185553285e-01  5.12077916542155e-01
  5.36538220554416e-01  5.62134422404102e-01  5.88916821291183e-01
  6.16937758179517e-01  6.46251684396547e-01  6.76915231393007e-01
  7.08987281566158e-01  7.42529040053042e-01  7.77604107370659e-01
  8.14278552788325e-01  8.52620988265722e-01  8.92702642825915e-01
  9.34597437143748e-01  9.78382058190691e-01  1.02413603367971e+00
  1.07194180609195e+00  1.12188480600192e+00  1.17405352442040e+00
  1.22853958381889e+00  1.28543780751191e+00  1.34484628697903e+00
  1.40686644677059e+00  1.47160310648129e+00  1.53916453938298e+00
  1.60966252713395e+00  1.68321241005081e+00  1.75993313231167e+00
  1.83994728147222e+00  1.92338112156849e+00  2.01036461912152e+00
  2.10103146118187e+00  2.19551906467514e+00  2.29396857603729e+00
  2.39652486031697e+00  2.50333647863276e+00  2.61455565301732e+00
  2.73033821743546e+00  2.85084355392454e+00  2.97623451243965e+00
  3.10667731331657e+00  3.24234143077625e+00  3.38339945622739e+00
  3.53002693974105e+00  3.68240220829362e+00  3.84070615898524e+00
  4.00512202584411e+00  4.17583511818943e+00  4.35303252910319e+00
  4.53690281196084e+00  4.72763562335717e+00  4.92542133038983e+00
  5.13045058063034e+00  5.34291383250673e+00  5.56300084468951e+00
  5.79090012193956e+00  6.02679831614802e+00  6.27087958017887e+00
  6.52332487306086e+00  6.78431121454446e+00  7.05401088755729e+00
  7.33259058673812e+00  7.62021051201401e+00  7.91702340541881e+00
  8.22317353078532e+00  8.53879559461231e+00  8.86401360836267e+00
  9.19893969111841e+00  9.54367281323585e+00  9.89829748073326e+00
  1.02628823620787e+01  1.06374788573501e+01  1.10221196132227e+01
  1.14168169841170e+01  1.18215614443583e+01  1.22363199533406e+01
  1.26610342791109e+01  1.30956192847314e+01  1.35399611839221e+01
  1.39939157720236e+01  1.44573066411865e+01  1.49299233869168e+01
  1.54115198179775e+01  1.59018121780524e+01  1.64004773938084e+01
  1.69071513605879e+01  1.74214272819099e+01  1.79428540771367e+01
  1.84709348765294e+01  1.90051256190699e+01  1.95448337771867e+01
  2.00894172243222e+01  2.06381832729526e+01  2.11903879023636e+01
  2.17452352042497e+01  2.23018770692555e+01  2.28594131449136e+01
  2.34168910874786e+01  2.39733071433553e+01  2.45276070804646e+01
  2.50786875073241e+01  2.56253976020045e+01  2.61665412848550e+01
  2.67008798603387e+01  2.72271351575788e+01  2.77439931930406e+01
  2.82501083832830e+01  2.87441083245385e+01  2.92245991651601e+01
  2.96901715772207e+01  3.01394073513076e+01  3.05708866072391e+01
  3.09831956371115e+01  3.13749353643131e+01  3.17447304171366e+01
  3.20912387928172e+01  3.24131620912460e+01  3.27092562787559e+01
  3.29783429446667e+01  3.32193209893154e+01  3.34311786898124e+01
  3.36130060552364e+01  3.37640074028090e+01  3.38835140373189e+01
  3.39709969441363e+01  3.40260793590287e+01  3.40485490932634e+01
  3.40383704618594e+01  3.39956956697906e+01  3.39208754786135e+01
  3.38144689976337e+01  3.36772523984462e+01  3.35102263847625e+01
  3.33146222111149e+01  3.30919060664997e+01  3.28437816219628e+01
  3.25721905599783e+01  3.22793108876157e+01  3.19675528756978e+01
  3.16395524363832e+01  3.12981618184002e+01  3.09464374662041e+01
  3.05876249594004e+01  3.02251409410902e+01  2.98625520027225e+01
  2.95035505005921e+01  2.91519273558586e+01  2.88115418815749e+01
  2.84862887876613e+01  2.81800625000484e+01  2.78967190351431e+01
  2.76400356840096e+01  2.74136688373567e+01  2.72211103223232e+01
  2.70656426819798e+01  2.69502938757472e+01  2.68777919229920e+01
  2.68505200656007e+01  2.68704730537483e+01  2.69392151982328e+01
  2.70578408576504e+01  2.72269380447655e+01  2.74465558473370e+01
  2.77161763548775e+01  2.80346917747039e+01  2.84003873889273e+01
  2.88109309802504e+01  2.92633692884456e+01  2.97541320178820e+01
  3.02790438200117e+01  3.08333446074345e+01  3.14117184381773e+01
  3.20083311135275e+01  3.26168764924757e+01  3.32306314179220e+01
  3.38425189823380e+01  3.44451797432892e+01  3.50310503305230e+01
  3.55924487451753e+01  3.61216655021509e+01  3.66110596204999e+01
  3.70531583237097e+01  3.74407591936922e+01  3.77670333878435e+01
  3.80256284451515e+01  3.82107691072578e+01  3.83173545265999e+01
  3.83410501887211e+01  3.82783728640115e+01  3.81267669095714e+01
  3.78846703008627e+01  3.75515688185240e+01  3.71280369613024e+01
  3.66157642484072e+01  3.60175657930150e+01  3.53373761970126e+01
  3.45802260814645e+01  3.37522008125678e+01  3.28603813055380e+01
  3.19127670711453e+01  3.09181820565993e+01  2.98861641324731e+01
  2.88268394924786e+01  2.77507835486398e+01  2.66688702901994e+01
  2.55921123916903e+01  2.45314946709120e+01  2.34978037583165e+01
  2.25014570710597e+01  2.15523343207800e+01  2.06596149004007e+01
  1.98316244782386e+01  1.90756940754372e+01  1.83980347299661e+01
  1.78036306082565e+01  1.72961530961820e+01  1.68778979881406e+01
  1.65497474348206e+01  1.63111577660878e+01  1.61601737632528e+01
  1.60934693531461e+01  1.61064141094171e+01  1.61931643526877e+01
  1.63467770704167e+01  1.65593443333628e+01  1.68221453885887e+01
  1.71258131665758e+01  1.74605115702784e+01  1.78161196300819e+01
  1.81824184228704e+01  1.85492765783385e+01  1.89068302381122e+01
  1.92456534948207e+01  1.95569156213541e+01  1.98325217895507e+01
  2.00652344708382e+01  2.02487732784987e+01  2.03778916442900e+01
  2.04484293857313e+01  2.04573408978161e+01  2.04026993650828e+01
  2.02836780131014e+01  2.01005099842989e+01  1.98544289102811e+01
  1.95475926505783e+01  1.91829929660681e+01  1.87643540897461e+01
  1.82960232502281e+01  1.77828561951116e+01  1.72301006654213e+01
  1.66432805968481e+01  1.60280835789039e+01  1.53902538124788e+01
  1.47354924722080e+01  1.40693670291452e+01  1.33972307255824e+01
  1.27241530359714e+01  1.20548616024521e+01  1.13936958133113e+01
  1.07445718976341e+01  1.01109591544423e+01  9.49586671428053e+00
  8.90184004775870e+00  8.33096629916976e+00  7.78488741536352e+00
  7.26481997755178e+00  6.77158060935212e+00  6.30561583292704e+00
  5.86703527118935e+00  5.45564714158039e+00  5.07099505682248e+00
  4.71239523083102e+00  4.37897328497747e+00  4.06969995359627e+00
  3.78342509716293e+00  3.51890954191818e+00  3.27485437458191e+00
  3.04992742475413e+00  2.84278676936463e+00  2.65210118053733e+00
  2.47656752302361e+00  2.31492517565143e+00  2.16596761068071e+00
  2.02855131334474e+00  1.90160225848831e+00  1.78412018724052e+00
  1.67518094110242e+00  1.57393711608028e+00  1.47961729768129e+00
  1.39152412753267e+00  1.30903143836831e+00  1.23158067477605e+00
  1.15867679570732e+00  1.08988383116221e+00  1.02482024153583e+00
  9.63154204121528e-01  9.04598928663852e-01  8.48908082315236e-01
  7.95871385346906e-01  7.45310421746924e-01  6.97074694445718e-01
  6.51037942672183e-01  6.07094729313965e-01  5.65157298587362e-01
  5.25152698932215e-01  4.87020162280257e-01  4.50708728717249e-01
  4.16175104490056e-01  3.83381741285697e-01  3.52295125214155e-01
  3.22884264960443e-01  2.95119369559593e-01  2.68970707578200e-01
  2.44407640255544e-01  2.21397822019105e-01  1.99906562108672e-01
  1.79896341050438e-01  1.61326475444887e-01  1.44152923761651e-01
  1.28328224973681e-01  1.13801560554917e-01  1.00518929203704e-01
  8.84234221516820e-02  7.74555857686914e-02  6.75538569386221e-02
  5.86550558433517e-02  5.06949201657765e-02  4.36086645252853e-02
  3.73315491148496e-02  3.17994421228919e-02  2.69493615125268e-02
  2.27199831362872e-02  1.90521038760345e-02  1.58890505082997e-02
  1.31770271760243e-02  1.08653966571877e-02  8.90689293038613e-03
  7.25776479057771e-03  5.87785235539545e-03  4.73060017264445e-03
  3.78301221674541e-03  3.00555531853088e-03  2.37201847217147e-03
  1.85933601018845e-03  1.44738283492700e-03  1.11874977616016e-03
  8.58506744977999e-04  6.53960725542290e-04  4.94414841326370e-04
  3.70933811087967e-04  2.76120123364257e-04  2.03904264298871e-04
  1.49351368101688e-04  1.08485772756079e-04  7.81341614661026e-05
  5.57873006735860e-05  3.94798242065357e-05  2.76870864163172e-05
  1.92378078006355e-05  1.32410218501567e-05  9.02575398615626e-06
  6.09181973731066e-06  4.07018907044902e-06  2.69144424235856e-06
  1.76098429384460e-06  1.13977093607917e-06  7.29559923898576e-07
  4.61712350810804e-07  2.88822752911508e-07  1.78533370692162e-07
  1.09021063028603e-07  6.57469775743929e-08  3.91455826269928e-08
  2.30035713153557e-08  1.33374343929499e-08  7.62729566542367e-09
  4.30070533708780e-09  2.39018081261236e-09  1.30881985085723e-09
  7.05891262058968e-10  3.74818462218378e-10  1.95874594019338e-10
  1.00696882556327e-10  5.09049473399934e-11  2.52951390317913e-11
  1.23498178673225e-11  5.92156770197374e-12  2.78719246196119e-12
  1.28720537524690e-12  5.83002933841885e-13  2.58834343481773e-13
  1.12585521834009e-13  4.79542641398603e-14  1.99906276761642e-14
  8.15169379187379e-15  3.24966140059076e-15  1.26582248017170e-15
  4.81640983134917e-16  1.78866197185778e-16  6.47895171866120e-17
  2.28762065791088e-17  7.86854363678770e-18  2.63486385045452e-18
  8.58440138522259e-19  2.71789789061715e-19  8.36089081672481e-20
  2.49674326778770e-20  7.23227543190593e-21  2.03060661220279e-21
  5.52189947235486e-22  1.45317207557830e-22  3.69791697733658e-23
  9.09172133460196e-24  2.15780702708073e-24  4.93942654873951e-25
  1.08955430597219e-25  2.31383044187033e-26  4.72625433505330e-27
  9.27659782161857e-28  1.74791382547959e-28  3.15845539779165e-29
  5.46772632503809e-30
  8.57961410427236e-25  9.78774144905159e-25  1.11659446390660e-24
  1.27381588436570e-24  1.45316864773161e-24  1.65776706980473e-24
  1.89116354536354e-24  2.15741014227810e-24  2.46112885099420e-24
  2.80759170481419e-24  3.20281215703471e-24  3.65364929532970e-24
  4.16792669558399e-24  4.75456797009110e-24  5.42375135326384e-24
  6.18708599655182e-24  7.05781301886146e-24  8.05103478583490e-24
  9.18397637817175e-24  1.04762837642517e-23  1.19503638249096e-23
  1.36317720996192e-23  1.55496549453522e-23  1.77372537367112e-23
  2.02324798041465e-23  2.30785700247530e-23  2.63248343681409e-23
  3.00275082817140e-23  3.42507246028735e-23  3.90676217405168e-23
  4.45616072103702e-23  5.08277982777134e-23  5.79746645032104e-23
  6.61259004535468e-23  7.54225607895990e-23  8.60254944456126e-23
  9.81181197428835e-23  1.11909588125866e-22  1.27638390868452e-22
  1.45576470685761e-22  1.66033908832465e-22  1.89364268117363e-22
  2.15970683485799e-22  2.46312804604083e-22  2.80914709442783e-22
  3.20373924443852e-22  3.65371705752445e-22  4.16684757516129e-22
  4.75198587769813e-22  5.41922730342354e-22  6.18008093021795e-22
  7.04766728425659e-22  8.03694365263707e-22  9.16496084638617e-22
  1.04511557950293e-21  1.19176849627305e-21  1.35898042692538e-21
  1.54963019881406e-21  1.76699919931009e-21  2.01482757462697e-21
  2.29737825864394e-21  2.61950992005094e-21  2.98676006698711e-21
  3.40543972001373e-21  3.88274125964653e-21  4.42686127698605e-21
  5.04714050900854e-21  5.75422322791376e-21  6.56023878147894e-21
  7.47900835396833e-21  8.52628044104672e-21  9.71999901433822e-21
  1.10806088997159e-20  1.26314035172446e-20  1.43989208400510e-20
  1.64133942362463e-20  1.87092657752609e-20  2.13257706230678e-20
  2.43076023365327e-20  2.77056702152279e-20  3.15779614013216e-20
  3.59905221599900e-20  4.10185747520255e-20  4.67477885600194e-20
  5.32757266853240e-20  6.07134921372995e-20  6.91876010356432e-20
  7.88421139945279e-20  8.98410611144261e-20  1.02371200842217e-19
  1.16645158451156e-19  1.32904996125973e-19  1.51426273717654e-19
  1.72522667267058e-19  1.96551221518293e-19  2.23918322994620e-19
  2.55086491957720e-19  2.90582104901127e-19  3.31004174352965e-19
  3.77034329918950e-19  4.29448163957062e-19  4.89128127344394e-19
  5.57078185822940e-19  6.34440475784220e-19  7.22514230520834e-19
  8.22777284429153e-19  9.36910503970975e-19  1.06682554102033e-18
  1.21469635727047e-18  1.38299502846803e-18  1.57453240530246e-18
  1.79250428485462e-18  2.04054383377866e-18  2.32278110318708e-18
  2.64391058703450e-18  3.00926790234659e-18  3.42491681283668e-18
  3.89774797944400e-18  4.43559100455980e-18  5.04734154392520e-18
  5.74310549447351e-18  6.53436253125982e-18  7.43415156598145e-18
  8.45728103788772e-18  9.62056733009289e-18  1.09431050360466e-17
  1.24465732885318e-17  1.41555829141058e-17  1.60980697974875e-17
  1.83057405418708e-17  2.08145773028072e-17  2.36654095663842e-17
  2.69045616498173e-17  3.05845858385823e-17  3.47650923550785e-17
  3.95136887974656e-17  4.49070433144637e-17  5.10320876149018e-17
  5.79873779758591e-17  6.58846347385609e-17  7.48504833995084e-17
  8.50284233513487e-17  9.65810536449023e-17  1.09692588874851e-16
  1.24571702489571e-16  1.41454739545031e-16  1.60609346229940e-16
  1.82338569453781e-16  2.06985486492049e-16  2.34938432213350e-16
  2.66636899869711e-16  3.02578200929643e-16  3.43324980091619e-16
  3.89513693584326e-16  4.41864172280221e-16  5.01190406212226e-16
  5.68412703968471e-16  6.44571399376295e-16  7.30842299108342e-16
  8.28554088629572e-16  9.39207940542614e-16  1.06449959924140e-15
  1.20634424918645e-15  1.36690451153912e-15  1.54862195574648e-15
  1.75425255952600e-15  1.98690660309582e-15  2.25009354211634e-15
  2.54777246931655e-15  2.88440884806571e-15  3.26503828296652e-15
  3.69533818405976e-15  4.18170828335726e-15  4.73136107656818e-15
  5.35242339020570e-15  6.05405041660541e-15  6.84655371790657e-15
  7.74154487736201e-15  8.75209667369426e-15  9.89292387469179e-15
  1.11805859918506e-14  1.26337146118664e-14  1.42732682259562e-14
  1.61228178185437e-14  1.82088668554998e-14  2.05612097351377e-14
  2.32133332348991e-14  2.62028660112149e-14  2.95720817929066e-14
  3.33684625582977e-14  3.76453287085876e-14  4.24625440555459e-14
  4.78873043353322e-14  5.39950189583588e-14  6.08702968113254e-14
  6.86080481618108e-14  7.73147160860620e-14  8.71096523654990e-14
  9.81266544936466e-14  1.10515682318599e-13  1.24444774946352e-13
  1.40102190853085e-13  1.57698796755162e-13  1.77470733653204e-13
  1.99682391676927e-13  2.24629728908012e-13  2.52643973312277e-13
  2.84095751309733e-13  3.19399691384309e-13  3.59019556572566e-13
  4.03473965686811e-13  4.53342769839448e-13  5.09274158273240e-13
  5.71992575781816e-13  6.42307543194491e-13  7.21123482630803e-13
  8.09450660566159e-13  9.08417374411772e-13  1.01928352229501e-12
  1.14345571138067e-12  1.28250407736710e-12  1.43818100710773e-12
  1.61244197772247e-12  1.80746874943926e-12  2.02569517586353e-12
  2.26983592496514e-12  2.54291843676875e-12  2.84831848036613e-12
  3.18979971341398e-12  3.57155769255885e-12  3.99826883358152e-12
  4.47514487608521e-12  5.00799347011724e-12  5.60328557143301e-12
  6.26823041007727e-12  7.01085888274481e-12  7.84011631639863e-12
  8.76596565745305e-12  9.79950226106018e-12  1.09530815885306e-11
  1.22404612703787e-11  1.36769591587970e-11  1.52796291800262e-11
  1.70674570044670e-11  1.90615777853897e-11  2.12855184767230e-11
  2.37654675313225e-11  2.65305751065078e-11  2.96132872679705e-11
  3.30497180911670e-11  3.68800640165971e-11  4.11490653276051e-11
  4.59065201948453e-11  5.12078573749993e-11  5.71147743778109e-11
  6.36959487251959e-11  7.10278308435859e-11  7.91955281544301e-11
  8.82937910853973e-11  9.84281130235105e-11  1.09715957696388e-10
  1.22288129114842e-10  1.36290301071657e-10  1.51884725283184e-10
  1.69252139628922e-10  1.88593900610412e-10  2.10134367167672e-10
  2.34123566396187e-10  2.60840175562272e-10  2.90594859166374e-10
  3.23734004742696e-10  3.60643906658351e-10  4.01755453509563e-10
  4.47549381876620e-10  4.98562167333035e-10  5.55392632829954e-10
  6.18709365047735e-10  6.89259041195460e-10  7.67875782257811e-10
  8.55491664030906e-10  9.53148534764485e-10  1.06201130808101e-09
  1.18338292244724e-09  1.31872118421544e-09  1.46965774055125e-09
  1.63801946195755e-09  1.82585255215332e-09  2.03544974646703e-09
  2.26938100933533e-09  2.53052819800446e-09  2.82212422381456e-09
  3.14779731608796e-09  3.51162107739913e-09  3.91817111492445e-09
  4.37258914192856e-09  4.88065556850691e-09  5.44887174336483e-09
  6.08455317199603e-09  6.79593522234906e-09  7.59229304360237e-09
  8.48407766560152e-09  9.48307052696850e-09  1.06025589970291e-08
  1.18575358217755e-08  1.32649258398952e-08  1.48438437925623e-08
  1.66158875922959e-08  1.86054720433564e-08  2.08402087129071e-08
  2.33513384709107e-08  2.61742241443990e-08  2.93489117967287e-08
  3.29207703594910e-08  3.69412207317077e-08  4.14685670571825e-08
  4.65689446917362e-08  5.23174014663704e-08  5.87991311988825e-08
  6.61108811302222e-08  7.43625580387907e-08  8.36790613220976e-08
  9.42023753382438e-08  1.06093957934339e-07  1.19537467256752e-07
  1.34741874993175e-07  1.51945020924113e-07  1.71417671473274e-07
  1.93468153758101e-07  2.18447646702932e-07  2.46756222248968e-07
  2.78849742668894e-07  3.15247734954682e-07  3.56542379845931e-07
  4.03408772547977e-07  4.56616633586033e-07  5.17043673198360e-07
  5.85690840523898e-07  6.63699720694204e-07  7.52372378784734e-07
  8.53193990507408e-07  9.67858645962123e-07  1.09829876360539e-06
  1.24671861313442e-06  1.41563251028015e-06  1.60790832148013e-06
  1.82681700708724e-06  2.07608901505429e-06  2.35997846279110e-06
  2.68333614571076e-06  3.05169256748680e-06  3.47135232368606e-06
  3.94950135309608e-06  4.49432876227130e-06  5.11516513630050e-06
  5.82263950876129e-06  6.62885741054821e-06  7.54760274562573e-06
  8.59456654976912e-06  9.78760609750077e-06  1.11470381975019e-05
  1.26959710323654e-05  1.44606793544585e-05  1.64710284851007e-05
  1.87609531197892e-05  2.13689977303882e-05  2.43389260159236e-05
  2.77204078146771e-05  3.15697927229919e-05  3.59509807245238e-05
  4.09364013090517e-05  4.66081136156924e-05  5.30590416968332e-05
  6.03943601932762e-05  6.87330475022030e-05  7.82096250261032e-05
  8.89761031236054e-05  1.01204156022505e-04  1.15087550560687e-04
  1.30844855236814e-04  1.48722459075814e-04  1.68997931833535e-04
  1.91983760115759e-04  2.18031496294151e-04  2.47536361002163e-04
  2.80942341175270e-04  3.18747831391390e-04  3.61511866283238e-04
  4.09860997855716e-04  4.64496872676354e-04  5.26204568040977e-04
  5.95861748738991e-04  6.74448709300509e-04  7.63059368325339e-04
  8.62913284907553e-04  9.75368767379413e-04  1.10193714691885e-03
  1.24429828873858e-03  1.40431741228730e-03  1.58406329168444e-03
  1.78582790484439e-03  2.01214759287547e-03  2.26582579181545e-03
  2.54995738313659e-03  2.86795470718140e-03  3.22357526782110e-03
  3.62095114183356e-03  4.06462009208603e-03  4.55955836163792e-03
  5.11121509900983e-03  5.72554834543419e-03  6.40906247420002e-03
  7.16884694307215e-03  8.01261618356493e-03  8.94875039524977e-03
  9.98633697944372e-03  1.11352122862105e-02  1.24060032797095e-02
  1.38101686991332e-02  1.53600391708495e-02  1.70688557112396e-02
  1.89508059508874e-02  2.10210573292649e-02  2.32957864607021e-02
  2.57922037388767e-02  2.85285722155902e-02  3.15242196283796e-02
  3.47995425157536e-02  3.83760010125036e-02  4.22761032216666e-02
  4.65233775648923e-02  5.11423318393977e-02  5.61583974005326e-02
  6.15978569910308e-02  6.74877546980251e-02  7.38557865324310e-02
  8.07301702022862e-02  8.81394926492212e-02  9.61125341881141e-02
  1.04678068049207e-01  1.13864634534180e-01  1.23700289105926e-01
  1.34212324073004e-01  1.45426964044907e-01  1.57369035402053e-01
  1.70061611029995e-01  1.83525631530786e-01  1.97779505112015e-01
  2.12838688833090e-01  2.28715254388479e-01  2.45417442540512e-01
  2.62949210683668e-01  2.81309778792692e-01  3.00493179586588e-01
  3.20487819136578e-01  3.41276054815709e-01  3.62833797633509e-01
  3.85130146482326e-01  4.08127062036273e-01  4.31779088185042e-01
  4.56033129272484e-01  4.80828291445530e-01  5.06095796928280e-01
  5.31758980048638e-01  5.57733374331540e-01  5.83926899799761e-01
  6.10240159470238e-01  6.36566853238411e-01  6.62794315850062e-01
  6.88804183590125e-01  7.14473191422900e-01  7.39674098756070e-01
  7.64276738207768e-01  7.88149177432825e-01  8.11158980060562e-01
  8.33174547834963e-01  8.54066522287744e-01  8.73709221846502e-01
  8.91982087136670e-01  9.08771106648251e-01  9.23970193434287e-01
  9.37482484391422e-01  9.49221534461606e-01  9.59112380347211e-01
  9.67092451186721e-01  9.73112307267308e-01  9.77136192106997e-01
  9.79142387909023e-01  9.79123369308854e-01  9.77085755387743e-01
  9.73050064772785e-01  9.67050283322871e-01  9.59133258003988e-01
  9.49357934216346e-01  9.37794456684398e-01  9.24523156248756e-01
  9.09633446218975e-01  8.93222652618779e-01  8.75394802446861e-01
  8.56259393332432e-01  8.35930166476647e-01  8.14523902941897e-01
  7.92159260995602e-01  7.68955669741957e-01  7.45032291514638e-01
  7.20507062844879e-01  6.95495821066719e-01  6.70111521212788e-01
  6.44463545198847e-01  6.18657104235375e-01  5.92792731320344e-01
  5.66965862958428e-01  5.41266503194267e-01  5.15778967505982e-01
  4.90581698394155e-01  4.65747148220532e-01  4.41341722004157e-01
  4.17425774175113e-01  3.94053653203379e-01  3.71273787916546e-01
  3.49128810176348e-01  3.27655708555713e-01  3.06886008285769e-01
  2.86845973139619e-01  2.67556825264631e-01  2.49034979536068e-01
  2.31292289136380e-01  2.14336299883205e-01  1.98170510499175e-01
  1.82794637029816e-01  1.68204879258704e-01  1.54394187573075e-01
  1.41352528751598e-01  1.29067149294421e-01  1.17522835095298e-01
  1.06702166308726e-01  9.65857663567790e-02  8.71525441357904e-02
  7.83799285047931e-02  7.02440942809970e-02  6.27201790031962e-02
  5.57824898554097e-02  4.94047002173683e-02  4.35600354271427e-02
  3.82214474329685e-02  3.33617781254872e-02  2.89539112268273e-02
  2.49709127193893e-02  2.13861598663599e-02  1.81734589640243e-02
  1.53071520183412e-02  1.27622126015000e-02  1.05143311793502e-02
  8.53999024036950e-03  6.81652957448267e-03  5.32220207077824e-03
  4.03622040620340e-03  2.93879500343962e-03  2.01116362186657e-03
  1.23561299005045e-03  5.95492773982159e-04  7.52222587209195e-05
 -3.39709844169249e-04 -6.62752222102957e-04 -9.06304006516478e-04
 -1.08173370893432e-03 -1.19940368338945e-03 -1.26869973617461e-03
 -1.29806548309704e-03 -1.29504102775229e-03 -1.26630550433070e-03
 -1.21772299745189e-03 -1.15439131963510e-03 -1.08069309556790e-03
 -1.00034857985251e-03 -9.16469610586797e-04 -8.31614093524304e-04
 -7.47840408183599e-04 -6.66761135951741e-04 -5.89595533782707e-04
 -5.17220210116232e-04 -4.50217505963952e-04 -3.88921141775321e-04
 -3.33458757624564e-04 -2.83791049261567e-04 -2.39747282551786e-04
 -2.01057051697446e-04 -1.67378229062395e-04 -1.38321134064986e-04
 -1.13469022479370e-04 -9.23950636138678e-05 -7.46760290806455e-05
 -5.99029621122246e-05 -4.76891296296393e-05 -3.76755804814352e-05
 -2.95346426426553e-05 -2.29716906591488e-05 -1.77255033712323e-05
 -1.35675126184671e-05 -1.03002178873971e-05 -7.75501163440020e-06
 -5.78962697326072e-06 -4.28538557296319e-06 -3.14438980844429e-06
 -2.28677174495375e-06 -1.64808203281388e-06 -1.17687615777033e-06
 -8.32533531928583e-07 -5.83326199253048e-07 -4.04740254412147e-07
 -2.78041386036935e-07 -1.89068902641212e-07 -1.27237274242397e-07
 -8.47216939310203e-08 -5.58032837813536e-08 -3.63500429503205e-08
 -2.34110921180834e-08 -1.49038270554582e-08 -9.37599557603387e-09
 -5.82721062372403e-09 -3.57687928298368e-09 -2.16780704899446e-09
 -1.29681678841405e-09 -7.65495721227990e-10 -4.45732602952445e-10
 -2.55934691097800e-10 -1.44864541562480e-10 -8.08009588629274e-11
 -4.43962415187139e-11 -2.40201329283669e-11 -1.27925406037667e-11
 -6.70352743179907e-12 -3.45498748552604e-12 -1.75073097430741e-12
 -8.71849899012090e-13 -4.26506775538106e-13 -2.04870738757407e-13
 -9.65843601759461e-14 -4.46688451420505e-14 -2.02566159975976e-14
 -9.00287527330664e-15 -3.91949767767720e-15 -1.67067480847744e-15
 -6.96843781197588e-16 -2.84262021944429e-16 -1.13343482423210e-16
 -4.41538332959466e-17 -1.68029553246487e-17 -6.23995001218272e-18
 -2.25991841372951e-18 -7.97724997730226e-19 -2.74342327056285e-19
 -9.19174512388217e-20 -3.00366807709475e-20 -9.55523551396466e-21
 -2.95198367692259e-21 -8.85024291484004e-22 -2.57301631327366e-22
 -7.24844833320523e-23 -1.97707510001120e-23 -5.21709232489775e-24
 -1.33077208694489e-24 -3.27855082103042e-25 -7.79447676706540e-26
 -1.78662237999992e-26 -3.94478407103197e-27 -8.38208333024047e-28
 -1.71238743491075e-28 -3.36004914230608e-29 -6.32621399711267e-30
 -1.14168557003431e-30
 (i6, f12.0, f18.0, f8.3, i6)
   670  60.0000000  0.02500000000000  28.000     2
 (3e22.14)
  2.99785627573407e-06  3.14822239435832e-06  3.30613016966869e-06
  3.47195782587773e-06  3.64610255336440e-06  3.82898145956269e-06
  4.02103256751066e-06  4.22271586444752e-06  4.43451440296618e-06
  4.65693545735389e-06  4.89051173788740e-06  5.13580266598122e-06
  5.39339571324455e-06  5.66390780763771e-06  5.94798681010448e-06
  6.24631306518617e-06  6.55960102935980e-06  6.88860098093587e-06
  7.23410081568885e-06  7.59692793238420e-06  7.97795121286711e-06
  8.37808310127767e-06  8.79828178750170e-06  9.23955349997337e-06
  9.70295491336737e-06  1.01895956768864e-05  1.07006410692399e-05
  1.12373147865647e-05  1.18009018700819e-05  1.23927517802833e-05
  1.30142816252352e-05  1.36669795504463e-05  1.43524082986168e-05
  1.50722089476033e-05  1.58281048356217e-05  1.66219056829792e-05
  1.74555119202665e-05  1.83309192331871e-05  1.92502233350950e-05
  2.02156249782937e-05  2.12294352164663e-05  2.22940809303493e-05
  2.34121106302028e-05  2.45862005486427e-05  2.58191610385258e-05
  2.71139432910127e-05  2.84736463899809e-05  2.99015247193447e-05
  3.14009957413195e-05  3.29756481636003e-05  3.46292505156121e-05
  3.63657601535209e-05  3.81893327160816e-05  4.01043320533843e-05
  4.21153406524121e-05  4.42271705840140e-05  4.64448749976127e-05
  4.87737601905720e-05  5.12193982815826e-05  5.37876405172725e-05
  5.64846312448599e-05  5.93168225828380e-05  6.22909898256209e-05
  6.54142476180049e-05  6.86940669383422e-05  7.21382929304174e-05
  7.57551636268295e-05  7.95533296076254e-05  8.35418746419388e-05
  8.77303373600555e-05  9.21287340092951e-05  9.67475823456308e-05
  1.01597926719477e-04  1.06691364413856e-04  1.12040073298151e-04
  1.17656840862391e-04  1.23555094701600e-04  1.29748934521207e-04
  1.36253165741015e-04  1.43083334775146e-04  1.50255766073558e-04
  1.57787601010997e-04  1.65696838716630e-04  1.74002378939661e-04
  1.82724067053916e-04  1.91882741304994e-04  2.01500282415434e-04
  2.11599665660201e-04  2.22205015540190e-04  2.33341663178651e-04
  2.45036206578625e-04  2.57316573881708e-04  2.70212089778372e-04
  2.83753545224617e-04  2.97973270631489e-04  3.12905212695844e-04
  3.28585015058419e-04  3.45050102971936e-04  3.62339772185225e-04
  3.80495282245892e-04  3.99559954444828e-04  4.19579274629518e-04
  4.40601001129189e-04  4.62675278041933e-04  4.85854754153177e-04
  5.10194707757375e-04  5.35753177683920e-04  5.62591100821961e-04
  5.90772456477285e-04  6.20364417887789e-04  6.51437511258291e-04
  6.84065782680701e-04  7.18326973331733e-04  7.54302703351397e-04
  7.92078664836828e-04  8.31744824389162e-04  8.73395635699111e-04
  9.17130262645024e-04  9.63052813440729e-04  1.01127258635800e-03
  1.06190432760458e-03  1.11506850194620e-03  1.17089157670338e-03
  1.22950631977074e-03  1.29105211235756e-03  1.35567527715162e-03
  1.42352942268728e-03  1.49477580467621e-03  1.56958370516456e-03
  1.64813083035614e-03  1.73060372803386e-03  1.81719822552109e-03
  1.90811988919335e-03  2.00358450657589e-03  2.10381859214600e-03
  2.20905991796230e-03  2.31955807036191e-03  2.43557503395385e-03
  2.55738580426116e-03  2.68527903037636e-03  2.81955768910266e-03
  2.96053979207296e-03  3.10855912748489e-03  3.26396603805434e-03
  3.42712823701379e-03  3.59843166390340e-03  3.77828138213631e-03
  3.96710252029607e-03  4.16534125929185e-03  4.37346586754661e-03
  4.59196778654281e-03  4.82136276908878e-03  5.06219207288603e-03
  5.31502371193827e-03  5.58045376867223e-03  5.85910776953045e-03
  6.15164212715403e-03  6.45874565223232e-03  6.78114113836186e-03
  7.11958702332516e-03  7.47487913043744e-03  7.84785249365593e-03
  8.23938327049674e-03  8.65039074671554e-03  9.08183943724733e-03
  9.53474128768946e-03  1.00101579811958e-02  1.05092033555542e-02
  1.10330459356427e-02  1.15829115865443e-02  1.21600862929752e-02
  1.27659190707254e-02  1.34018250163691e-02  1.40692885013159e-02
  1.47698665171482e-02  1.55051921787886e-02  1.62769783929888e-02
  1.70870216994170e-02  1.79372062922929e-02  1.88295082306048e-02
  1.97659998455253e-02  2.07488543536470e-02  2.17803506855586e-02
  2.28628785388735e-02  2.39989436662555e-02  2.51911734082068e-02
  2.64423224819205e-02  2.77552790370427e-02  2.91330709902301e-02
  3.05788726504426e-02  3.20960116477813e-02  3.36879761785805e-02
  3.53584225808700e-02  3.71111832534866e-02  3.89502749344351e-02
  4.08799073525900e-02  4.29044922693260e-02  4.50286529256827e-02
  4.72572339122909e-02  4.95953114791663e-02  5.20482043037764e-02
  5.46214847353780e-02  5.73209905358145e-02  6.01528371352575e-02
  6.31234304251256e-02  6.62394801074999e-02  6.95080136243838e-02
  7.29363906881190e-02  7.65323184367320e-02  8.03038672374097e-02
  8.42594871631707e-02  8.84080251666583e-02  9.27587429783748e-02
  9.73213357532142e-02  1.02105951495208e-01  1.07123211284768e-01
  1.12384230339205e-01  1.17900639933125e-01  1.23684610209012e-01
  1.29748873906607e-01  1.36106751042295e-01  1.42772174566912e-01
  1.49759717035422e-01  1.57084618316028e-01  1.64762814373235e-01
  1.72810967153272e-01  1.81246495605245e-01  1.90087607867180e-01
  1.99353334650783e-01  2.09063563851019e-01  2.19239076417271e-01
  2.29901583507634e-01  2.41073764963310e-01  2.52779309124192e-01
  2.65042954017075e-01  2.77890529939016e-01  2.91349003461760e-01
  3.05446522876386e-01  3.20212465102354e-01  3.35677484071614e-01
  3.51873560612109e-01  3.68834053829969e-01  3.86593754011244e-01
  4.05188937036287e-01  4.24657420314490e-01  4.45038620229486e-01
  4.66373611088291e-01  4.88705185553260e-01  5.12077916542129e-01
  5.36538220554389e-01  5.62134422404074e-01  5.88916821291153e-01
  6.16937758179485e-01  6.46251684396514e-01  6.76915231392972e-01
  7.08987281566122e-01  7.42529040053004e-01  7.77604107370619e-01
  8.14278552788283e-01  8.52620988265678e-01  8.92702642825869e-01
  9.34597437143700e-01  9.78382058190640e-01  1.02413603367966e+00
  1.07194180609190e+00  1.12188480600186e+00  1.17405352442033e+00
  1.22853958381882e+00  1.28543780751185e+00  1.34484628697896e+00
  1.40686644677052e+00  1.47160310648122e+00  1.53916453938290e+00
  1.60966252713387e+00  1.68321241005073e+00  1.75993313231158e+00
  1.83994728147212e+00  1.92338112156839e+00  2.01036461912142e+00
  2.10103146118176e+00  2.19551906467503e+00  2.29396857603717e+00
  2.39652486031684e+00  2.50333647863263e+00  2.61455565301718e+00
  2.73033821743531e+00  2.85084355392439e+00  2.97623451243949e+00
  3.10667731331640e+00  3.24234143077607e+00  3.38339945622721e+00
  3.53002693974086e+00  3.68240220829342e+00  3.84070615898504e+00
  4.00512202584390e+00  4.17583511818921e+00  4.35303252910296e+00
  4.53690281196060e+00  4.72763562335692e+00  4.92542133038956e+00
  5.13045058063006e+00  5.34291383250643e+00  5.56300084468921e+00
  5.79090012193924e+00  6.02679831614768e+00  6.27087958017852e+00
  6.52332487306050e+00  6.78431121454407e+00  7.05401088755690e+00
  7.33259058673770e+00  7.62021051201359e+00  7.91702340541836e+00
  8.22317353078485e+00  8.53879559461181e+00  8.86401360836215e+00
  9.19893969111787e+00  9.54367281323530e+00  9.89829748073266e+00
  1.02628823620781e+01  1.06374788573495e+01  1.10221196132220e+01
  1.14168169841163e+01  1.18215614443575e+01  1.22363199533398e+01
  1.26610342791102e+01  1.30956192847306e+01  1.35399611839213e+01
  1.39939157720227e+01  1.44573066411856e+01  1.49299233869159e+01
  1.54115198179765e+01  1.59018121780514e+01  1.64004773938073e+01
  1.69071513605867e+01  1.74214272819087e+01  1.79428540771354e+01
  1.84709348765282e+01  1.90051256190684e+01  1.95448337771853e+01
  2.00894172243207e+01  2.06381832729510e+01  2.11903879023619e+01
  2.17452352042480e+01  2.23018770692536e+01  2.28594131449118e+01
  2.34168910874765e+01  2.39733071433533e+01  2.45276070804623e+01
  2.50786875073218e+01  2.56253976020021e+01  2.61665412848525e+01
  2.67008798603360e+01  2.72271351575760e+01  2.77439931930376e+01
  2.82501083832799e+01  2.87441083245351e+01  2.92245991651567e+01
  2.96901715772169e+01  3.01394073513038e+01  3.05708866072349e+01
  3.09831956371071e+01  3.13749353643084e+01  3.17447304171317e+01
  3.20912387928119e+01  3.24131620912406e+01  3.27092562787498e+01
  3.29783429446607e+01  3.32193209893083e+01  3.34311786898060e+01
  3.36130060552286e+01  3.37640074028014e+01  3.38835140373103e+01
  3.39709969441272e+01  3.40260793590183e+01  3.40485490932533e+01
  3.40383704618473e+01  3.39956956697795e+01  3.39208754786002e+01
  3.38144689976206e+01  3.36772523984316e+01  3.35102263847469e+01
  3.33146222110976e+01  3.30919060664823e+01  3.28437816219428e+01
  3.25721905599587e+01  3.22793108875926e+01  3.19675528756750e+01
  3.16395524363576e+01  3.12981618183739e+01  3.09464374661758e+01
  3.05876249593714e+01  3.02251409410580e+01  2.98625520026906e+01
  2.95035505005557e+01  2.91519273558223e+01  2.88115418815350e+01
  2.84862887876200e+01  2.81800625000046e+01  2.78967190350978e+01
  2.76400356839608e+01  2.74136688373068e+01  2.72211103222860e+01
  2.70656426819243e+01  2.69502938756939e+01  2.68777919229406e+01
  2.68505200655383e+01  2.68704730536858e+01  2.69392151981689e+01
  2.70578408575775e+01  2.72269380446935e+01  2.74465558472616e+01
  2.77161763547975e+01  2.80346917746242e+01  2.84003873888427e+01
  2.88109309801625e+01  2.92633692883574e+01  2.97541320177865e+01
  3.02790438199218e+01  3.08333446073351e+01  3.14117184380726e+01
  3.20083311134274e+01  3.26168764923674e+01  3.32306314178177e+01
  3.38425189822319e+01  3.44451797431795e+01  3.50310503304087e+01
  3.55924487450671e+01  3.61216655020337e+01  3.66110596204088e+01
  3.70531583235955e+01  3.74407591935997e+01  3.77670333877356e+01
  3.80256284450573e+01  3.82107691071705e+01  3.83173545265229e+01
  3.83410501886260e+01  3.82783728639604e+01  3.81267669094477e+01
  3.78846703008013e+01  3.75515688184089e+01  3.71280369612190e+01
  3.66157642483071e+01  3.60175657929074e+01  3.53373761968696e+01
  3.45802260813495e+01  3.37522008123295e+01  3.28603813051182e+01
  3.19127670709021e+01  3.09181820561384e+01  2.98861641322516e+01
  2.88268394924164e+01  2.77507835482493e+01  2.66688702901181e+01
  2.55921123912486e+01  2.45314946704272e+01  2.34978037579496e+01
  2.25014570704980e+01  2.15523343203591e+01  2.06596148998801e+01
  1.98316244777995e+01  1.90756940748485e+01  1.83980347294050e+01
  1.78036306077075e+01  1.72961530954018e+01  1.68778979875575e+01
  1.65497474342079e+01  1.63111577654454e+01  1.61601737625779e+01
  1.60934693524428e+01  1.61064141086815e+01  1.61931643519235e+01
  1.63467770696236e+01  1.65593443325422e+01  1.68221453877423e+01
  1.71258131657055e+01  1.74605115693855e+01  1.78161196291696e+01
  1.81824184219400e+01  1.85492765773928e+01  1.89068302371548e+01
  1.92456534938534e+01  1.95569156203802e+01  1.98325217885727e+01
  2.00652344698609e+01  2.02487732775239e+01  2.03778916433222e+01
  2.04484293847732e+01  2.04573408968719e+01  2.04026993641551e+01
  2.02836780121932e+01  2.01005099834146e+01  1.98544289094208e+01
  1.95475926497469e+01  1.91829929652640e+01  1.87643540889790e+01
  1.82960232494927e+01  1.77828561944161e+01  1.72301006647618e+01
  1.66432805962302e+01  1.60280835783248e+01  1.53902538119423e+01
  1.47354924717130e+01  1.40693670286912e+01  1.33972307251685e+01
  1.27241530355722e+01  1.20548616020560e+01  1.13936958130060e+01
  1.07445718973203e+01  1.01109591542164e+01  9.49586671404756e+00
  8.90184004759499e+00  8.33096629903443e+00  7.78488741524943e+00
  7.26481997746346e+00  6.77158060927574e+00  6.30561583287514e+00
  5.86703527115401e+00  5.45564714156376e+00  5.07099505682358e+00
  4.71239523084957e+00  4.37897328501139e+00  4.06969995364762e+00
  3.78342509722704e+00  3.51890954199649e+00  3.27485437467195e+00
  3.04992742485097e+00  2.84278676947904e+00  2.65210118065887e+00
  2.47656752315982e+00  2.31492517579625e+00  2.16596761083555e+00
  2.02855131350842e+00  1.90160225865968e+00  1.78412018741967e+00
  1.67518094128744e+00  1.57393711627164e+00  1.47961729787745e+00
  1.39152412773321e+00  1.30903143857357e+00  1.23158067498340e+00
  1.15867679591824e+00  1.08988383137420e+00  1.02482024174825e+00
  9.63154204336030e-01  9.04598928877471e-01  8.48908082529599e-01
  7.95871385560578e-01  7.45310421959447e-01  6.97074694657261e-01
  6.51037942881985e-01  6.07094729521744e-01  5.65157298793189e-01
  5.25152699135403e-01  4.87020162480871e-01  4.50708728915189e-01
  4.16175104684824e-01  3.83381741477627e-01  3.52295125397759e-01
  3.22884265136308e-01  2.95119369727811e-01  2.68970707730642e-01
  2.44407640393575e-01  2.21397822143396e-01  1.99906562221299e-01
  1.79896341150925e-01  1.61326475535368e-01  1.44152923842259e-01
  1.28328225044452e-01  1.13801560618724e-01  1.00518929260533e-01
  8.84234222019080e-02  7.74555858129234e-02  6.75538569774679e-02
  5.86550558773367e-02  5.06949201953905e-02  4.36086645510158e-02
  3.73315491370915e-02  3.17994421420619e-02  2.69493615289580e-02
  2.27199831503356e-02  1.90521038879605e-02  1.58890505183897e-02
  1.31770271845526e-02  1.08653966642752e-02  8.90689293635270e-03
  7.25776479545364e-03  5.87785235939865e-03  4.73060017592579e-03
  3.78301221942160e-03  3.00555532069928e-03  2.37201847391738e-03
  1.85933601158671e-03  1.44738283603803e-03  1.11874977703821e-03
  8.58506745666765e-04  6.53960726078792e-04  4.94414841741484e-04
  3.70933811406670e-04  2.76120123607089e-04  2.03904264482603e-04
  1.49351368239454e-04  1.08485772858659e-04  7.81341615418056e-05
  5.57873007289825e-05  3.94798242467390e-05  2.76870864452243e-05
  1.92378078212317e-05  1.32410218647040e-05  9.02575399632338e-06
  6.09181974435442e-06  4.07018907527755e-06  2.69144424563493e-06
  1.76098429604540e-06  1.13977093754113e-06  7.29559924859163e-07
  4.61712351435182e-07  2.88822753312364e-07  1.78533370946711e-07
  1.09021063188217e-07  6.57469776732485e-08  3.91455826874648e-08
  2.30035713518562e-08  1.33374344146906e-08  7.62729567820297e-09
  4.30070534448811e-09  2.39018081684186e-09  1.30881985323635e-09
  7.05891263378295e-10  3.74818462938566e-10  1.95874594406239e-10
  1.00696882760849e-10  5.09049474463422e-11  2.52951390861251e-11
  1.23498178946163e-11  5.92156771543598e-12  2.78719246848066e-12
  1.28720537834593e-12  5.83002935286456e-13  2.58834344142020e-13
  1.12585522129762e-13  4.79542642695714e-14  1.99906277318700e-14
  8.15169381527812e-15  3.24966141020448e-15  1.26582248403141e-15
  4.81640984649281e-16  1.78866197765529e-16  6.47895174028605e-17
  2.28762066577859e-17  7.86854366471805e-18  2.63486386011440e-18
  8.58440141774169e-19  2.71789790126954e-19  8.36089085065765e-20
  2.49674327828465e-20  7.23227546341687e-21  2.03060662137539e-21
  5.52189949822664e-22  1.45317208264350e-22  3.69791699600215e-23
  9.09172138226936e-24  2.15780703883787e-24  4.93942657672353e-25
  1.08955431239411e-25  2.31383045606668e-26  4.72625436525592e-27
  9.27659788340017e-28  1.74791383761909e-28  3.15845542068128e-29
  5.46772636641262e-30
 -8.57961410433820e-25 -9.78774144912672e-25 -1.11659446391517e-24
 -1.27381588437548e-24 -1.45316864774276e-24 -1.65776706981745e-24
 -1.89116354537806e-24 -2.15741014229466e-24 -2.46112885101309e-24
 -2.80759170483573e-24 -3.20281215705928e-24 -3.65364929535773e-24
 -4.16792669561598e-24 -4.75456797012759e-24 -5.42375135330546e-24
 -6.18708599659930e-24 -7.05781301891560e-24 -8.05103478589668e-24
 -9.18397637824222e-24 -1.04762837643321e-23 -1.19503638250013e-23
 -1.36317720997239e-23 -1.55496549454715e-23 -1.77372537368473e-23
 -2.02324798043017e-23 -2.30785700249300e-23 -2.63248343683428e-23
 -3.00275082819443e-23 -3.42507246031362e-23 -3.90676217408165e-23
 -4.45616072107120e-23 -5.08277982781033e-23 -5.79746645036550e-23
 -6.61259004540540e-23 -7.54225607901776e-23 -8.60254944462725e-23
 -9.81181197436361e-23 -1.11909588126724e-22 -1.27638390869431e-22
 -1.45576470686877e-22 -1.66033908833738e-22 -1.89364268118815e-22
 -2.15970683487455e-22 -2.46312804605972e-22 -2.80914709444936e-22
 -3.20373924446310e-22 -3.65371705755247e-22 -4.16684757519325e-22
 -4.75198587773457e-22 -5.41922730346510e-22 -6.18008093026534e-22
 -7.04766728431064e-22 -8.03694365269869e-22 -9.16496084645646e-22
 -1.04511557951095e-21 -1.19176849628219e-21 -1.35898042693580e-21
 -1.54963019882594e-21 -1.76699919932364e-21 -2.01482757464243e-21
 -2.29737825866156e-21 -2.61950992007103e-21 -2.98676006701001e-21
 -3.40543972003985e-21 -3.88274125967631e-21 -4.42686127702000e-21
 -5.04714050904726e-21 -5.75422322795789e-21 -6.56023878152923e-21
 -7.47900835402569e-21 -8.52628044111211e-21 -9.71999901441274e-21
 -1.10806088998009e-20 -1.26314035173414e-20 -1.43989208401614e-20
 -1.64133942363722e-20 -1.87092657754044e-20 -2.13257706232313e-20
 -2.43076023367191e-20 -2.77056702154404e-20 -3.15779614015638e-20
 -3.59905221602660e-20 -4.10185747523401e-20 -4.67477885603779e-20
 -5.32757266857325e-20 -6.07134921377652e-20 -6.91876010361740e-20
 -7.88421139951327e-20 -8.98410611151153e-20 -1.02371200843002e-19
 -1.16645158452050e-19 -1.32904996126992e-19 -1.51426273718816e-19
 -1.72522667268382e-19 -1.96551221519800e-19 -2.23918322996337e-19
 -2.55086491959677e-19 -2.90582104903357e-19 -3.31004174355503e-19
 -3.77034329921841e-19 -4.29448163960354e-19 -4.89128127348144e-19
 -5.57078185827212e-19 -6.34440475789086e-19 -7.22514230526373e-19
 -8.22777284435461e-19 -9.36910503978160e-19 -1.06682554102851e-18
 -1.21469635727978e-18 -1.38299502847864e-18 -1.57453240531453e-18
 -1.79250428486837e-18 -2.04054383379431e-18 -2.32278110320491e-18
 -2.64391058705478e-18 -3.00926790236967e-18 -3.42491681286296e-18
 -3.89774797947390e-18 -4.43559100459383e-18 -5.04734154396393e-18
 -5.74310549451756e-18 -6.53436253130994e-18 -7.43415156603844e-18
 -8.45728103795260e-18 -9.62056733016667e-18 -1.09431050361306e-17
 -1.24465732886272e-17 -1.41555829142144e-17 -1.60980697976110e-17
 -1.83057405420112e-17 -2.08145773029669e-17 -2.36654095665658e-17
 -2.69045616500237e-17 -3.05845858388170e-17 -3.47650923553453e-17
 -3.95136887977688e-17 -4.49070433148083e-17 -5.10320876152933e-17
 -5.79873779763037e-17 -6.58846347390663e-17 -7.48504834000825e-17
 -8.50284233520008e-17 -9.65810536456426e-17 -1.09692588875691e-16
 -1.24571702490526e-16 -1.41454739546115e-16 -1.60609346231170e-16
 -1.82338569455178e-16 -2.06985486493635e-16 -2.34938432215150e-16
 -2.66636899871754e-16 -3.02578200931961e-16 -3.43324980094251e-16
 -3.89513693587311e-16 -4.41864172283606e-16 -5.01190406216065e-16
 -5.68412703972824e-16 -6.44571399381232e-16 -7.30842299113941e-16
 -8.28554088635918e-16 -9.39207940549809e-16 -1.06449959924955e-15
 -1.20634424919569e-15 -1.36690451154960e-15 -1.54862195575834e-15
 -1.75425255953943e-15 -1.98690660311105e-15 -2.25009354213357e-15
 -2.54777246933609e-15 -2.88440884808782e-15 -3.26503828299153e-15
 -3.69533818408806e-15 -4.18170828338857e-15 -4.73136107659909e-15
 -5.35242339024545e-15 -6.05405041664204e-15 -6.84655371795499e-15
 -7.74154487741067e-15 -8.75209667373973e-15 -9.89292387474022e-15
 -1.11805859918976e-14 -1.26337146119396e-14 -1.42732682260168e-14
 -1.61228178186288e-14 -1.82088668555842e-14 -2.05612097352193e-14
 -2.32133332350216e-14 -2.62028660113544e-14 -2.95720817930470e-14
 -3.33684625585269e-14 -3.76453287087902e-14 -4.24625440558328e-14
 -4.78873043356393e-14 -5.39950189586739e-14 -6.08702968118449e-14
 -6.86080481622474e-14 -7.73147160868002e-14 -8.71096523660799e-14
 -9.81266544946849e-14 -1.10515682319439e-13 -1.24444774947667e-13
 -1.40102190854391e-13 -1.57698796756362e-13 -1.77470733655077e-13
 -1.99682391678381e-13 -2.24629728910490e-13 -2.52643973314503e-13
 -2.84095751312623e-13 -3.19399691387429e-13 -3.59019556575957e-13
 -4.03473965691852e-13 -4.53342769844274e-13 -5.09274158279914e-13
 -5.71992575788727e-13 -6.42307543201275e-13 -7.21123482640525e-13
 -8.09450660576473e-13 -9.08417374423548e-13 -1.01928352231157e-12
 -1.14345571139472e-12 -1.28250407738567e-12 -1.43818100712784e-12
 -1.61244197774170e-12 -1.80746874946638e-12 -2.02569517589060e-12
 -2.26983592499939e-12 -2.54291843680411e-12 -2.84831848042476e-12
 -3.18979971345526e-12 -3.57155769265133e-12 -3.99826883364135e-12
 -4.47514487619539e-12 -5.00799347021979e-12 -5.60328557157059e-12
 -6.26823041023408e-12 -7.01085888294702e-12 -7.84011631662050e-12
 -8.76596565771278e-12 -9.79950226136286e-12 -1.09530815888922e-11
 -1.22404612707864e-11 -1.36769591593195e-11 -1.52796291806012e-11
 -1.70674570050901e-11 -1.90615777861747e-11 -2.12855184774963e-11
 -2.37654675323113e-11 -2.65305751076020e-11 -2.96132872691937e-11
 -3.30497180925828e-11 -3.68800640181004e-11 -4.11490653293889e-11
 -4.59065201968051e-11 -5.12078573772411e-11 -5.71147743803638e-11
 -6.36959487279735e-11 -7.10278308467136e-11 -7.91955281579914e-11
 -8.82937910893110e-11 -9.84281130281459e-11 -1.09715957701473e-10
 -1.22288129120754e-10 -1.36290301078213e-10 -1.51884725290611e-10
 -1.69252139637298e-10 -1.88593900619802e-10 -2.10134367178239e-10
 -2.34123566408047e-10 -2.60840175575616e-10 -2.90594859181078e-10
 -3.23734004759373e-10 -3.60643906676810e-10 -4.01755453530407e-10
 -4.47549381900012e-10 -4.98562167358660e-10 -5.55392632858307e-10
 -6.18709365077672e-10 -6.89259041231137e-10 -7.67875782295986e-10
 -8.55491664074481e-10 -9.53148534813398e-10 -1.06201130813428e-09
 -1.18338292250721e-09 -1.31872118427750e-09 -1.46965774062401e-09
 -1.63801946203821e-09 -1.82585255224530e-09 -2.03544974657973e-09
 -2.26938100944968e-09 -2.53052819813442e-09 -2.82212422396241e-09
 -3.14779731625136e-09 -3.51162107762173e-09 -3.91817111515478e-09
 -4.37258914219808e-09 -4.88065556881517e-09 -5.44887174369349e-09
 -6.08455317238687e-09 -6.79593522282803e-09 -7.59229304403763e-09
 -8.48407766612266e-09 -9.48307052754574e-09 -1.06025589975017e-08
 -1.18575358225108e-08 -1.32649258405188e-08 -1.48438437933879e-08
 -1.66158875932750e-08 -1.86054720443234e-08 -2.08402087135415e-08
 -2.33513384724616e-08 -2.61742241454777e-08 -2.93489117986318e-08
 -3.29207703607771e-08 -3.69412207336323e-08 -4.14685670597153e-08
 -4.65689446953549e-08 -5.23174014691111e-08 -5.87991312040086e-08
 -6.61108811315204e-08 -7.43625580442832e-08 -8.36790613245433e-08
 -9.42023753427864e-08 -1.06093957937764e-07 -1.19537467260260e-07
 -1.34741874994699e-07 -1.51945020930964e-07 -1.71417671477975e-07
 -1.93468153766767e-07 -2.18447646709603e-07 -2.46756222256761e-07
 -2.78849742684494e-07 -3.15247734975633e-07 -3.56542379851285e-07
 -4.03408772582846e-07 -4.56616633592311e-07 -5.17043673227320e-07
 -5.85690840549090e-07 -6.63699720701432e-07 -7.52372378754401e-07
 -8.53193990543872e-07 -9.67858645891119e-07 -1.09829876359994e-06
 -1.24671861312972e-06 -1.41563251014357e-06 -1.60790832153373e-06
 -1.82681700695894e-06 -2.07608901511202e-06 -2.35997846272387e-06
 -2.68333614589287e-06 -3.05169256761873e-06 -3.47135232372634e-06
 -3.94950135338855e-06 -4.49432876230931e-06 -5.11516513665966e-06
 -5.82263950903014e-06 -6.62885741119036e-06 -7.54760274551142e-06
 -8.59456655091685e-06 -9.78760609735054e-06 -1.11470381991397e-05
 -1.26959710322790e-05 -1.44606793559223e-05 -1.64710284853772e-05
 -1.87609531217042e-05 -2.13689977314493e-05 -2.43389260171476e-05
 -2.77204078170880e-05 -3.15697927220690e-05 -3.59509807244959e-05
 -4.09364013086638e-05 -4.66081136157940e-05 -5.30590416982415e-05
 -6.03943601935317e-05 -6.87330474980990e-05 -7.82096250276457e-05
 -8.89761031220421e-05 -1.01204156032535e-04 -1.15087550564007e-04
 -1.30844855247283e-04 -1.48722459081624e-04 -1.68997931855579e-04
 -1.91983760130538e-04 -2.18031496331886e-04 -2.47536361034425e-04
 -2.80942341197514e-04 -3.18747831438825e-04 -3.61511866305331e-04
 -4.09860997904662e-04 -4.64496872748950e-04 -5.26204568113361e-04
 -5.95861748788515e-04 -6.74448709347274e-04 -7.63059368288814e-04
 -8.62913284986554e-04 -9.75368767343763e-04 -1.10193714705783e-03
 -1.24429828874605e-03 -1.40431741227315e-03 -1.58406329160523e-03
 -1.78582790469617e-03 -2.01214759280945e-03 -2.26582579200964e-03
 -2.54995738311739e-03 -2.86795470750992e-03 -3.22357526788453e-03
 -3.62095114185302e-03 -4.06462009217667e-03 -4.55955836156736e-03
 -5.11121509907799e-03 -5.72554834562045e-03 -6.40906247467610e-03
 -7.16884694364130e-03 -8.01261618408238e-03 -8.94875039612054e-03
 -9.98633698030423e-03 -1.11352122871076e-02 -1.24060032816604e-02
 -1.38101687006272e-02 -1.53600391736722e-02 -1.70688557135631e-02
 -1.89508059545915e-02 -2.10210573323826e-02 -2.32957864651106e-02
 -2.57922037448303e-02 -2.85285722198548e-02 -3.15242196372720e-02
 -3.47995425221731e-02 -3.83760010205240e-02 -4.22761032338891e-02
 -4.65233775703959e-02 -5.11423318536642e-02 -5.61583974108270e-02
 -6.15978570049485e-02 -6.74877547109323e-02 -7.38557865455430e-02
 -8.07301702115137e-02 -8.81394926621670e-02 -9.61125341997953e-02
 -1.04678068063154e-01 -1.13864634553053e-01 -1.23700289122602e-01
 -1.34212324098828e-01 -1.45426964064148e-01 -1.57369035420325e-01
 -1.70061611051135e-01 -1.83525631544964e-01 -1.97779505132967e-01
 -2.12838688854990e-01 -2.28715254405899e-01 -2.45417442563971e-01
 -2.62949210702518e-01 -2.81309778816904e-01 -3.00493179610102e-01
 -3.20487819159230e-01 -3.41276054842200e-01 -3.62833797662123e-01
 -3.85130146512086e-01 -4.08127062072020e-01 -4.31779088222003e-01
 -4.56033129311034e-01 -4.80828291489011e-01 -5.06095796969858e-01
 -5.31758980095869e-01 -5.57733374378672e-01 -5.83926899849974e-01
 -6.10240159523416e-01 -6.36566853295953e-01 -6.62794315907614e-01
 -6.88804183652551e-01 -7.14473191484904e-01 -7.39674098821705e-01
 -7.64276738274550e-01 -7.88149177501889e-01 -8.11158980131271e-01
 -8.33174547907468e-01 -8.54066522361850e-01 -8.73709221922137e-01
 -8.91982087213670e-01 -9.08771106726503e-01 -9.23970193513682e-01
 -9.37482484471773e-01 -9.49221534542763e-01 -9.59112380429087e-01
 -9.67092451269024e-01 -9.73112307350009e-01 -9.77136192189862e-01
 -9.79142387991844e-01 -9.79123369391598e-01 -9.77085755470101e-01
 -9.73050064854657e-01 -9.67050283404173e-01 -9.59133258084380e-01
 -9.49357934295884e-01 -9.37794456762822e-01 -9.24523156325903e-01
 -9.09633446294859e-01 -8.93222652693119e-01 -8.75394802519601e-01
 -8.56259393403583e-01 -8.35930166545856e-01 -8.14523903009365e-01
 -7.92159261061061e-01 -7.68955669805353e-01 -7.45032291575661e-01
 -7.20507062901119e-01 -6.95495821117932e-01 -6.70111521265282e-01
 -6.44463545245861e-01 -6.18657104290150e-01 -5.92792731395149e-01
 -5.66965863007379e-01 -5.41266503267140e-01 -5.15778967554837e-01
 -4.90581698451090e-01 -4.65747148272775e-01 -4.41341722051200e-01
 -4.17425774222995e-01 -3.94053653245358e-01 -3.71273787957667e-01
 -3.49128810213994e-01 -3.27655708590485e-01 -3.06886008318189e-01
 -2.86845973169189e-01 -2.67556825292829e-01 -2.49034979560765e-01
 -2.31292289161421e-01 -2.14336299902662e-01 -1.98170510518321e-01
 -1.82794637044688e-01 -1.68204879271419e-01 -1.54394187583465e-01
 -1.41352528758853e-01 -1.29067149299783e-01 -1.17522835097817e-01
 -1.06702166309104e-01 -9.65857663548400e-02 -8.71525441315790e-02
 -7.83799284985262e-02 -7.02440942726175e-02 -6.27201789928556e-02
 -5.57824898431790e-02 -4.94047002033179e-02 -4.35600354113705e-02
 -3.82214474155650e-02 -3.33617781065378e-02 -2.89539112064162e-02
 -2.49709126976355e-02 -2.13861598433158e-02 -1.81734589398204e-02
 -1.53071519930486e-02 -1.27622125752087e-02 -1.05143311521675e-02
 -8.53999021236364e-03 -6.81652954575114e-03 -5.32220204140725e-03
 -4.03622037626110e-03 -2.93879497301998e-03 -2.01116358577200e-03
 -1.23561294863214e-03 -5.95492728250067e-04 -7.52222175312497e-05
  3.39709881182537e-04  6.62752255284699e-04  9.06304036190138e-04
  1.08173373540383e-03  1.19940370693935e-03  1.26869975706917e-03
  1.29806550158516e-03  1.29504104406238e-03  1.26630551867689e-03
  1.21772301003149e-03  1.15439133062971e-03  1.08069310514577e-03
  1.00034858816732e-03  9.16469617779004e-04  8.31614099723189e-04
  7.47840413505610e-04  6.66761140503422e-04  5.89595537659574e-04
  5.17220213404499e-04  4.50217508741085e-04  3.88921144110226e-04
  3.33458759578649e-04  2.83791050889343e-04  2.39747283900968e-04
  2.01057052810262e-04  1.67378229975454e-04  1.38321134810171e-04
  1.13469023084272e-04  9.23950641021141e-05  7.46760294724666e-05
  5.99029624248348e-05  4.76891298774993e-05  3.76755806767650e-05
  2.95346427955896e-05  2.29716907781046e-05  1.77255034631433e-05
  1.35675126889873e-05  1.03002179411223e-05  7.75501167503769e-06
  5.78962700376496e-06  4.28538559569047e-06  3.14438982524321e-06
  2.28677175727134e-06  1.64808204177208e-06  1.17687616422997e-06
  8.32533536546436e-07  5.83326202525312e-07  4.04740256709491e-07
  2.78041387635104e-07  1.89068903742262e-07  1.27237274993550e-07
  8.47216944383617e-08  5.58032841204706e-08  3.63500431746030e-08
  2.34110922648284e-08  1.49038271503864e-08  9.37599563675807e-09
  5.82721066210671e-09  3.57687930695828e-09  2.16780706378076e-09
  1.29681679742298e-09  7.65495726638295e-10  4.45732606162723e-10
  2.55934692974236e-10  1.44864542641249e-10  8.08009594792536e-11
  4.43962418593276e-11  2.40201331174928e-11  1.27925407053402e-11
  6.70352748556359e-12  3.45498751379383e-12  1.75073098895251e-12
  8.71849906471016e-13  4.26506779270073e-13  2.04870740591109e-13
  9.65843610603803e-14  4.46688455605483e-14  2.02566161917955e-14
  9.00287536163698e-15  3.91949771703312e-15  1.67067482564915e-15
  6.96843788529251e-16  2.84262025006277e-16  1.13343483673210e-16
  4.41538337945292e-17  1.68029555189289e-17  6.23995008606786e-18
  2.25991844113351e-18  7.97725007637153e-19  2.74342330545865e-19
  9.19174524363737e-20  3.00366811718178e-20  9.55523564461273e-21
  2.95198371827536e-21  8.85024304186623e-22  2.57301635111315e-22
  7.24844844243190e-23  1.97707513053953e-23  5.21709240744812e-24
  1.33077210852323e-24  3.27855087550991e-25  7.79447689980075e-26
  1.78662241118105e-26  3.94478414159091e-27  8.38208348390026e-28
  1.71238746708427e-28  3.36004920701123e-29  6.32621412197790e-30
  1.14168559313133e-30
 (i6, f12.0, f18.0, f8.3, i6)
   595  60.0000000  0.02500000000000   8.000     1
 (3e22.14)
  1.81689323374816e-06  1.90986797400506e-06  2.00760001352492e-06
  2.11033273800220e-06  2.21832198220336e-06  2.33183666652480e-06
  2.45115946608394e-06  2.57658751400464e-06  2.70843314064337e-06
  2.84702465059115e-06  2.99270713938062e-06  3.14584335192451e-06
  3.30681458481743e-06  3.47602163473847e-06  3.65388579531069e-06
  3.84084990488647e-06  4.03737944786473e-06  4.24396371226368e-06
  4.46111700642882e-06  4.68937993788631e-06  4.92932075751811e-06
  5.18153677238845e-06  5.44665583072648e-06  5.72533788274309e-06
  6.01827662115481e-06  6.32620120547319e-06  6.64987807434198e-06
  6.99011285039928e-06  7.34775234239632e-06  7.72368664951984e-06
  8.11885137313689e-06  8.53422994143318e-06  8.97085605270294e-06
  9.42981624333246e-06  9.91225258684015e-06  1.04193655306389e-05
  1.09524168775525e-05  1.15127329194457e-05  1.21017077307278e-05
  1.27208066298639e-05  1.33715698174579e-05  1.40556161998858e-05
  1.47746474079446e-05  1.55304520204179e-05  1.63249100030197e-05
  1.71599973736449e-05  1.80377911054691e-05  1.89604742799784e-05
  1.99303415026554e-05  2.09498045946703e-05  2.20213985746254e-05
  2.31477879450787e-05  2.43317732993708e-05  2.55762982649980e-05
  2.68844568006695e-05  2.82595008649894e-05  2.97048484756626e-05
  3.12240921790378e-05  3.28210079508550e-05  3.44995645500370e-05
  3.62639333485952e-05  3.81184986617189e-05  4.00678686035172e-05
  4.21168864949999e-05  4.42706428523558e-05  4.65344879849163e-05
  4.89140452337334e-05  5.14152248832023e-05  5.40442387798765e-05
  5.68076156942192e-05  5.97122174630164e-05  6.27652559518346e-05
  6.59743108791655e-05  6.93473485457287e-05  7.28927415148007e-05
  7.66192892916020e-05  8.05362400522799e-05  8.46533134754687e-05
  8.89807247322104e-05  9.35292096925966e-05  9.83100514107120e-05
  1.03335107952218e-04  1.08616841632435e-04  1.14168349735948e-04
  1.20003396792500e-04  1.26136448487442e-04  1.32582707289290e-04
  1.39358149880505e-04  1.46479566482624e-04  1.53964602170632e-04
  1.61831800276904e-04  1.70100647989512e-04  1.78791624255225e-04
  1.87926250102822e-04  1.97527141508302e-04  2.07618064929225e-04
  2.18223995642330e-04  2.29371179024446e-04  2.41087194924480e-04
  2.53401025280824e-04  2.66343125146743e-04  2.79945497293835e-04
  2.94241770572646e-04  3.09267282217409e-04  3.25059164292515e-04
  3.41656434486124e-04  3.59100091468577e-04  3.77433215041919e-04
  3.96701071319524e-04  4.16951223185463e-04  4.38233646296141e-04
  4.60600850898908e-04  4.84108009756680e-04  5.08813092480206e-04
  5.34777006586542e-04  5.62063745614682e-04  5.90740544648940e-04
  6.20878043614195e-04  6.52550458727486e-04  6.85835762507130e-04
  7.20815872761169e-04  7.57576850995918e-04  7.96209110708541e-04
  8.36807636046875e-04  8.79472211346745e-04  9.24307662077065e-04
  9.71424107752326e-04  1.02093722739548e-03  1.07296853816465e-03
  1.12764568778289e-03  1.18510276144553e-03  1.24548060390374e-03
  1.30892715746614e-03  1.37559781668355e-03  1.44565580052858e-03
  1.51927254291139e-03  1.59662810241760e-03  1.67791159219183e-03
  1.76332163093702e-03  1.85306681603861e-03  1.94736621987796e-03
  2.04644991043680e-03  2.15055949735751e-03  2.25994870466568e-03
  2.37488397142522e-03  2.49564508164647e-03  2.62252582483624e-03
  2.75583468862693e-03  2.89589558500824e-03  3.04304861172338e-03
  3.19765085049418e-03  3.36007720378219e-03  3.53072127189177e-03
  3.70999627228461e-03  3.89833600306687e-03  4.09619585268473e-03
  4.30405385796728e-03  4.52241181272287e-03  4.75179642922613e-03
  4.99276055498121e-03  5.24588444730573e-03  5.51177710832989e-03
  5.79107768315780e-03  6.08445692402077e-03  6.39261872338893e-03
  6.71630171910581e-03  7.05628097476714e-03  7.41336973864304e-03
  7.78842128463988e-03  8.18233083886040e-03  8.59603759552741e-03
  9.03052682612552e-03  9.48683208580810e-03  9.96603752121123e-03
  1.04692802840588e-02  1.09977530549665e-02  1.15527066821926e-02
  1.21354529400481e-02  1.27473674120336e-02  1.33898925037952e-02
  1.40645405912630e-02  1.47728973094460e-02  1.55166249876012e-02
  1.62974662365781e-02  1.71172476944727e-02  1.79778839366782e-02
  1.88813815569142e-02  1.98298434256365e-02  2.08254731327595e-02
  2.18705796215247e-02  2.29675820207144e-02  2.41190146824540e-02
  2.53275324331530e-02  2.65959160450900e-02  2.79270779366220e-02
  2.93240681087260e-02  3.07900803261930e-02  3.23284585514869e-02
  3.39427036397467e-02  3.56364803032139e-02  3.74136243538227e-02
  3.92781502321741e-02  4.12342588320502e-02  4.32863456284673e-02
  4.54390091185777e-02  4.76970595834755e-02  5.00655281798395e-02
  5.25496763696177e-02  5.51550056962388e-02  5.78872679152114e-02
  6.07524754873919e-02  6.37569124418799e-02  6.69071456167076e-02
  7.02100362829763e-02  7.36727521600392e-02  7.73027798264493e-02
  8.11079375326113e-02  8.50963884190904e-02  8.92766541445877e-02
  9.36576289257462e-02  9.82485939913064e-02  1.03059232449782e-01
  1.08099644571842e-01  1.13380363482690e-01  1.18912371263319e-01
  1.24707115452833e-01  1.30776525946068e-01  1.37133032275990e-01
  1.43789581269893e-01  1.50759655064010e-01  1.58057289461353e-01
  1.65697092610231e-01  1.73694263983538e-01  1.82064613628956e-01
  1.90824581662443e-01  1.99991257968586e-01  2.09582402071098e-01
  2.19616463127056e-01  2.30112600001335e-01  2.41090701360305e-01
  2.52571405733979e-01  2.64576121471966e-01  2.77127046528363e-01
  2.90247187991103e-01  3.03960381272161e-01  3.18291308861467e-01
  3.33265518544814e-01  3.48909440968500e-01  3.65250406437630e-01
  3.82316660804873e-01  4.00137380323285e-01  4.18742685294619e-01
  4.38163652362951e-01  4.58432325267636e-01  4.79581723873237e-01
  5.01645851269815e-01  5.24659698735003e-01  5.48659248317847e-01
  5.73681472816950e-01  5.99764332869958e-01  6.26946770910334e-01
  6.55268701669226e-01  6.84770998943537e-01  7.15495478287592e-01
  7.47484875301184e-01  7.80782819147951e-01  8.15433800944042e-01
  8.51483136606413e-01  8.88976923786355e-01  9.27961992419252e-01
  9.68485848510777e-01  1.01059661064471e+00  1.05434293879763e+00
  1.09977395494177e+00  1.14693915496685e+00  1.19588831139912e+00
  1.24667136643055e+00  1.29933831470070e+00  1.35393907536843e+00
  1.41052335286387e+00  1.46914048590631e+00  1.52983928415918e+00
  1.59266785211061e+00  1.65767339961143e+00  1.72490203866822e+00
  1.79439856593460e+00  1.86620623063778e+00  1.94036648735783e+00
  2.01691873351685e+00  2.09590003112567e+00  2.17734481267399e+00
  2.26128457089590e+00  2.34774753247262e+00  2.43675831544290e+00
  2.52833757075212e+00  2.62250160775029e+00  2.71926200437204e+00
  2.81862520213143e+00  2.92059208677285e+00  3.02515755521120e+00
  3.13231006980974e+00  3.24203120099639e+00  3.35429515975505e+00
  3.46906832123796e+00  3.58630874170589e+00  3.70596567028236e+00
  3.82797905835749e+00  3.95227906870491e+00  4.07878558751081e+00
  4.20740774209088e+00  4.33804342816436e+00  4.47057884972132e+00
  4.60488807648096e+00  4.74083262213867e+00  4.87826104922134e+00
  5.01700860456502e+00  5.15689689138955e+00  5.29773358309950e+00
  5.43931218501832e+00  5.58141184978191e+00  5.72379725328486e+00
  5.86621853700362e+00  6.00841132447965e+00  6.15009681735085e+00
  6.29098197967485e+00  6.43075981562634e+00  6.56910974908145e+00
  6.70569811070260e+00  6.84017873989681e+00  6.97219370734005e+00
  7.10137416468957e+00  7.22734132602180e+00  7.34970758704325e+00
  7.46807778460495e+00  7.58205060215575e+00  7.69122012034203e+00
  7.79517751785584e+00  7.89351291877945e+00  7.98581738835388e+00
  8.07168507220703e+00  8.15071547604460e+00  8.22251587874734e+00
  8.28670387203804e+00  8.34291001530541e+00  8.39078059565101e+00
  8.42998047642004e+00  8.46019602144391e+00  8.48113807196661e+00
  8.49254496064477e+00  8.49418553457451e+00  8.48586216623387e+00
  8.46741372203967e+00  8.43871846160431e+00  8.39969683370695e+00
  8.35031413998244e+00  8.29058302720953e+00  8.22056577826976e+00
  8.14037636060828e+00  8.05018219959439e+00  7.95020563758709e+00
  7.84072504484400e+00  7.72207554483955e+00  7.59464932396247e+00
  7.45889548975835e+00  7.31531945505462e+00  7.16448181611937e+00
  7.00699671034986e+00  6.84352963158204e+00  6.67479469583989e+00
  6.50155134890206e+00  6.32460052065552e+00  6.14478022882473e+00
  5.96296065461100e+00  5.78003870500556e+00  5.59693210067297e+00
  5.41457302198291e+00  5.23390136443471e+00  5.05585765573813e+00
  4.88137569845382e+00  4.71137500612587e+00  4.54675310932832e+00
  4.38837781300470e+00  4.23707948902723e+00  4.09364349499316e+00
  3.95880280811814e+00  3.83323096631504e+00  3.71753540702273e+00
  3.61225129080262e+00  3.51783589394854e+00  3.43466364816827e+00
  3.36302189820552e+00  3.30310744064148e+00  3.25502389749937e+00
  3.21877996791069e+00  3.19428859120479e+00  3.18136704218655e+00
  3.17973796995268e+00  3.18903137775993e+00  3.20878753258863e+00
  3.23846078023775e+00  3.27742423164258e+00  3.32497527628049e+00
  3.38034186753134e+00  3.44268951665702e+00  3.51112892291471e+00
  3.58472415917906e+00  3.66250132637367e+00  3.74345758239820e+00
  3.82657044820242e+00  3.91080728807509e+00  3.99513486007789e+00
  4.07852883064077e+00  4.15998314789942e+00  4.23851917014373e+00
  4.31319444785570e+00  4.38311106422436e+00  4.44742344110043e+00
  4.50534552931594e+00  4.55615730385478e+00  4.59921049982080e+00
  4.63393352913006e+00  4.65983553266492e+00  4.67650953052245e+00
  4.68363464704027e+00  4.68097739645511e+00  4.66839202961073e+00
  4.64581995165141e+00  4.61328823399955e+00  4.57090725418331e+00
  4.51886750893706e+00  4.45743565477249e+00  4.38694984115629e+00
  4.30781440860807e+00  4.22049403121347e+00  4.12550739050752e+00
  4.02342046960078e+00  3.91483956255349e+00  3.80040409295514e+00
  3.68077933765516e+00  3.55664914904982e+00  3.42870876654489e+00
  3.29765780424547e+00  3.16419349474947e+00  3.02900426412555e+00
  2.89276370300642e+00  2.75612499288479e+00  2.61971583434339e+00
  2.48413391787223e+00  2.34994296445653e+00  2.21766935707834e+00
  2.08779937091615e+00  1.96077700463932e+00  1.83700240293490e+00
  1.71683085534503e+00  1.60057234720582e+00  1.48849163324853e+00
  1.38080879808940e+00  1.27770026429469e+00  1.17930020368011e+00
  1.08570230628326e+00  9.96961858511187e-01  9.13098081837863e-01
  8.34096682824226e-01  7.59912566380378e-01  6.90472665202946e-01
  6.25678840646005e-01  5.65410812638150e-01  5.09529079382266e-01
  4.57877790942123e-01  4.10287544634375e-01  3.66578073867979e-01
  3.26560806321217e-01  2.90041271315647e-01  2.56821340356163e-01
  2.26701288764869e-01  1.99481670165715e-01  1.74964999090129e-01
  1.52957240350085e-01  1.33269106761657e-01  1.15717169451489e-01
  1.00124787271466e-01  8.63228637343340e-02  7.41504414116218e-02
  6.34551449225109e-02  5.40934844463577e-02  4.59310322357510e-02
  3.88424848161428e-02  3.27116235734490e-02  2.74311862047410e-02
  2.29026611339523e-02  1.90360164827643e-02  1.57493745849831e-02
  1.29686423596951e-02  1.06271071470596e-02  8.66500687339654e-03
  7.02908267914254e-03  5.67212139701289e-03  4.55249454813184e-03
  3.63369980728909e-03  2.88391019129766e-03  2.27553554172463e-03
  1.78480020627251e-03  1.39134017262811e-03  1.07782227641978e-03
  8.29587494065139e-04  6.34319746319766e-04  4.81741084635060e-04
  3.63333616239863e-04  2.72088051844889e-04  2.02278337898158e-04
  1.49261468910618e-04  1.09301268444089e-04  7.94146820356444e-05
  5.72389421515617e-05  4.09178425254912e-05  2.90052934630808e-05
  2.03843158008310e-05  1.41996627960174e-05  9.80232893299317e-06
  6.70430473723430e-06  4.54205927051448e-06  3.04736957458673e-06
  2.02426192470100e-06  1.33097739418477e-06  8.66018707594319e-07
  5.57472840902145e-07  3.54931161761849e-07  2.23444404114640e-07
  1.39052070072409e-07  8.55150245960024e-08  5.19559494525872e-08
  3.11762239060090e-08  1.84701684613543e-08  1.08003453372947e-08
  6.23131967552487e-09  3.54610070705983e-09  1.98975027035142e-09
  1.10044622602422e-09  5.99651920770918e-10  3.21833720184307e-10
  1.70055021269980e-10  8.84320038689351e-11  4.52382510688491e-11
  2.27561734902279e-11  1.12514648050761e-11  5.46569558652176e-12
  2.60742927084890e-12  1.22098300678859e-12  5.60958735183444e-13
  2.52734994203697e-13  1.11608374976926e-13  4.82840494482080e-14
  2.04530277490465e-14  8.47864546082416e-15  3.43775622209789e-15
  1.36251543590232e-15  5.27603612809807e-16  1.99557576136138e-16
  7.36539758858570e-17  2.65094744241672e-17  9.29698531742353e-18
  3.17350225702509e-18  1.05220739621281e-18  3.37296465741672e-19
  1.06196265297424e-19  3.24714406608552e-20  9.63534188574586e-21
  2.77252976081158e-21  7.73020002670454e-22  2.08671928445095e-22
  5.44929966472371e-23  1.37548640319608e-23  3.35302833850846e-24
  7.88679156631109e-25  1.78835169091394e-25  3.90563983206441e-26
  8.20739289111340e-27  1.65793939795156e-27  3.21623952881081e-28
  5.98548500554768e-29  1.06749339496141e-29  1.82254408861028e-30
  2.97548766787609e-31  4.63995382193475e-32  6.90303750113841e-33
  9.78635110677643e-34  1.32045975132201e-34  1.69359580698902e-35
  2.06213575709758e-36  2.38054375045959e-37  2.60195991645544e-38
  2.68899389942481e-39  2.62378273901202e-40  2.41369968582881e-41
  2.09029891845551e-42
