 ( 4i3 )
  1  8  3  2 npan, lm, ntype, spins
 ( 2i3 )
  3  1    ntls, nsets
 ( 3e22.14 )
 -0.78173304317229E+00 -0.78173304317184E+00 -0.78173304317139E+00
 ( 3e22.14 )
  0.15109141527893E+00  0.18237821194800E+00  0.58676787167091E+00
  0.25713441299181E+00  0.13337290903133E+00  0.17668091613487E+00
  0.14105012842383E+00  0.25322529699893E+00  0.16282294042951E+00
  0.10914430075441E+00  0.13569773128197E+00  0.43235528788531E+00
  0.23688802381703E+00  0.16283382442241E+00  0.15820603485003E+00
  0.18273705575904E+00  0.23257000298519E+00  0.18599722356041E+00
  0.10914430075517E+00  0.13569773128256E+00  0.43235528788522E+00
  0.23688802381776E+00  0.16283382442270E+00  0.15820603485056E+00
  0.18273705575911E+00  0.23257000298533E+00  0.18599722355990E+00
  0.15109141527841E+00  0.18237821194732E+00  0.58676787167097E+00
  0.25713441299099E+00  0.13337290903092E+00  0.17668091613444E+00
  0.14105012842385E+00  0.25322529699911E+00  0.16282294042962E+00
 -0.64307737849433E+00  0.30409054241249E+00  0.61089131684408E+00
  0.53745801234683E+00  0.58018973292670E+00  0.48687762141961E+00
  0.52317796034612E+00  0.48117454428322E+00  0.51812136091773E+00
 -0.64307737849569E+00  0.30409054241226E+00  0.61089131684422E+00
  0.53745801234685E+00  0.58018973292636E+00  0.48687762141958E+00
  0.52317796034602E+00  0.48117454428331E+00  0.51812136091765E+00
