# ACE/gr parameter file
#
@    version 50122
@    world xmin 0.25
@    world xmax 0.75
@    title font 5
@    xaxis  tick major 0.1
@    xaxis  tick minor 0.02
@    xaxis  label "(r-r\s1\N)/d"
@    xaxis  label font 5
@    xaxis  label char size 1.2
@    xaxis  ticklabel font 4
@    xaxis  ticklabel char size 1
@    yaxis  tick major .1
@    yaxis  tick minor .02
@    yaxis  label font 4
@    yaxis  label char size 1.2
@    yaxis  ticklabel font 5
@    yaxis  ticklabel char size 1
@    title "potential between neighbors"
@    yaxis  label "V(r) (Ry)"
@    world ymin -10.
@    world ymax   .0
@    yaxis  tick major 2
@    yaxis  tick minor 1
@ s0 color  1
@ s0 linestyle  1
@ legend string 0 "(1)-(3)"
@target s0
@type xy
  .1000000000 -48.79581665
  .1050000000 -44.55901962
  .1100000000 -40.79599955
  .1150000000 -37.43477230
  .1200000000 -34.42287483
  .1250000000 -31.71814451
  .1300000000 -29.26593111
  .1350000000 -27.05392916
  .1400000000 -25.03557833
  .1450000000 -23.20877594
  .1500000000 -21.53552772
  .1550000000 -20.00829536
  .1600000000 -18.61521512
  .1650000000 -17.33582388
  .1700000000 -16.16019335
  .1750000000 -15.07927298
  .1800000000 -14.08927148
  .1850000000 -13.17744461
  .1900000000 -12.33613733
  .1950000000 -11.55916632
  .2000000000 -10.84087089
  .2050000000 -10.17607213
  .2100000000 -9.560036807
  .2150000000 -8.988444384
  .2200000000 -8.457356905
  .2250000000 -7.963190713
  .2300000000 -7.505229611
  .2350000000 -7.079124578
  .2400000000 -6.681164844
  .2450000000 -6.308857697
  .2500000000 -5.959954792
  .2550000000 -5.632430740
  .2600000000 -5.328573530
  .2650000000 -5.043332632
  .2700000000 -4.774307261
  .2750000000 -4.520151188
  .2800000000 -4.283842233
  .2850000000 -4.060962911
  .2900000000 -3.849366073
  .2950000000 -3.650451999
  .3000000000 -3.464083715
  .3050000000 -3.286277181
  .3100000000 -3.118708868
  .3150000000 -2.961378236
  .3200000000 -2.810555825
  .3250000000 -2.669417802
  .3300000000 -2.535343101
  .3350000000 -2.406849086
  .3400000000 -2.287533584
  .3450000000 -2.172230242
  .3500000000 -2.064299017
  .3550000000 -1.961233449
  .3600000000 -1.863166711
  .3650000000 -1.770966840
  .3700000000 -1.681971158
  .3750000000 -1.599441527
  .3800000000 -1.518811341
  .3850000000 -1.444906848
  .3900000000 -1.372371352
  .3950000000 -1.305817179
  .4000000000 -1.240578860
  .4050000000 -1.180804025
  .4100000000 -1.122105454
  .4150000000 -1.068652956
  .4200000000 -1.015840624
  .4250000000 -.9682846330
  .4300000000 -.9213041903
  .4350000000 -.8787389710
  .4400000000 -.8372393615
  .4450000000 -.7991614694
  .4500000000 -.7628354668
  .4550000000 -.7287907462
  .4600000000 -.6973736427
  .4650000000 -.6669465969
  .4700000000 -.6402156880
  .4750000000 -.6137676512
  .4800000000 -.5907928583
  .4850000000 -.5687981829
  .4900000000 -.5485938952
  .4950000000 -.5309196801
  .5000000000 -.5134230982
  .5050000000 -.4997107706
  .5100000000 -.4864025330
  .5150000000 -.4798880607
  .5200000000 -.4707073342
  .5250000000 -.4632932669
  .5300000000 -.4576275108
  .5350000000 -.4536959748
  .5400000000 -.4514887147
  .5450000000 -.4509996157
  .5500000000 -.4522260194
  .5550000000 -.4551684586
  .5600000000 -.4578970769
  .5650000000 -.4652061621
  .5700000000 -.4725997473
  .5750000000 -.4830715633
  .5800000000 -.4942352880
  .5850000000 -.5080851774
  .5900000000 -.5230926758
  .5950000000 -.5406090462
  .6000000000 -.5595767081
  .6050000000 -.5810800504
  .6100000000 -.6041653488
  .6150000000 -.6300171672
  .6200000000 -.6574177699
  .6250000000 -.6880284806
  .6300000000 -.7199821168
  .6350000000 -.7558183533
  .6400000000 -.7928447802
  .6450000000 -.8341950949
  .6500000000 -.8773091265
  .6550000000 -.9240794127
  .6600000000 -.9739241574
  .6650000000 -1.026513904
  .6700000000 -1.083816504
  .6750000000 -1.143645127
  .6800000000 -1.208253620
  .6850000000 -1.276870651
  .6900000000 -1.348776552
  .6950000000 -1.427050413
  .7000000000 -1.509352981
  .7050000000 -1.595894512
  .7100000000 -1.689780790
  .7150000000 -1.788645242
  .7200000000 -1.892887316
  .7250000000 -2.004733519
  .7300000000 -2.123643993
  .7350000000 -2.249343040
  .7400000000 -2.382374476
  .7450000000 -2.525054536
  .7500000000 -2.676735342
  .7550000000 -2.837604409
  .7600000000 -3.008394775
  .7650000000 -3.189900245
  .7700000000 -3.383479504
  .7750000000 -3.590425229
  .7800000000 -3.810715371
  .7850000000 -4.045415573
  .7900000000 -4.295680727
  .7950000000 -4.562763406
  .8000000000 -4.848023559
  .8050000000 -5.152939723
  .8100000000 -5.479122046
  .8150000000 -5.828327481
  .8200000000 -6.202477549
  .8250000000 -6.603679144
  .8300000000 -7.034890327
  .8350000000 -7.500193824
  .8400000000 -8.000923224
  .8450000000 -8.540304746
  .8500000000 -9.122765042
  .8550000000 -9.756517545
  .8600000000 -10.44220533
  .8650000000 -11.18984534
  .8700000000 -12.00540524
  .8750000000 -12.89936953
  .8800000000 -13.87917535
  .8850000000 -14.96463329
  .8900000000 -16.16537923
  .8950000000 -17.50097726
&
@ s1 color  1
@ s1 linestyle  1
@target s1
@type xy
  .5130146834 -10.000
  .5130146834  10.000
  .5599284151  10.000
  .5599284151 -10.000
&
@ s2 color  2
@ s2 linestyle  1
@ legend string 2 "(2)-(3)"
@target s2
@type xy
  .1000000000 -48.79581665
  .1050000000 -44.55901962
  .1100000000 -40.79599955
  .1150000000 -37.43477230
  .1200000000 -34.42287483
  .1250000000 -31.71814451
  .1300000000 -29.26593111
  .1350000000 -27.05392916
  .1400000000 -25.03557833
  .1450000000 -23.20877594
  .1500000000 -21.53552772
  .1550000000 -20.00829536
  .1600000000 -18.61521512
  .1650000000 -17.33582388
  .1700000000 -16.16019335
  .1750000000 -15.07927298
  .1800000000 -14.08927148
  .1850000000 -13.17744461
  .1900000000 -12.33613733
  .1950000000 -11.55916632
  .2000000000 -10.84087089
  .2050000000 -10.17607213
  .2100000000 -9.560036807
  .2150000000 -8.988444384
  .2200000000 -8.457356905
  .2250000000 -7.963190713
  .2300000000 -7.505229611
  .2350000000 -7.079124578
  .2400000000 -6.681164844
  .2450000000 -6.308857697
  .2500000000 -5.959954792
  .2550000000 -5.632430740
  .2600000000 -5.328573530
  .2650000000 -5.043332632
  .2700000000 -4.774307261
  .2750000000 -4.520151188
  .2800000000 -4.283842233
  .2850000000 -4.060962911
  .2900000000 -3.849366073
  .2950000000 -3.650451999
  .3000000000 -3.464083715
  .3050000000 -3.286277181
  .3100000000 -3.118708868
  .3150000000 -2.961378236
  .3200000000 -2.810555825
  .3250000000 -2.669417802
  .3300000000 -2.535343101
  .3350000000 -2.406849086
  .3400000000 -2.287533584
  .3450000000 -2.172230242
  .3500000000 -2.064299017
  .3550000000 -1.961233449
  .3600000000 -1.863166711
  .3650000000 -1.770966840
  .3700000000 -1.681971158
  .3750000000 -1.599441527
  .3800000000 -1.518811341
  .3850000000 -1.444906848
  .3900000000 -1.372371352
  .3950000000 -1.305817179
  .4000000000 -1.240578860
  .4050000000 -1.180804025
  .4100000000 -1.122105454
  .4150000000 -1.068652956
  .4200000000 -1.015840624
  .4250000000 -.9682846330
  .4300000000 -.9213041903
  .4350000000 -.8787389710
  .4400000000 -.8372393615
  .4450000000 -.7991614694
  .4500000000 -.7628354668
  .4550000000 -.7287907462
  .4600000000 -.6973736427
  .4650000000 -.6669465969
  .4700000000 -.6402156880
  .4750000000 -.6137676512
  .4800000000 -.5907928583
  .4850000000 -.5687981829
  .4900000000 -.5485938952
  .4950000000 -.5309196801
  .5000000000 -.5134230982
  .5050000000 -.4997107706
  .5100000000 -.4864025330
  .5150000000 -.4798880607
  .5200000000 -.4707073342
  .5250000000 -.4632932669
  .5300000000 -.4576275108
  .5350000000 -.4536959748
  .5400000000 -.4514887147
  .5450000000 -.4509996157
  .5500000000 -.4522260194
  .5550000000 -.4551684586
  .5600000000 -.4578970769
  .5650000000 -.4652061621
  .5700000000 -.4725997473
  .5750000000 -.4830715633
  .5800000000 -.4942352880
  .5850000000 -.5080851774
  .5900000000 -.5230926758
  .5950000000 -.5406090462
  .6000000000 -.5595767081
  .6050000000 -.5810800504
  .6100000000 -.6041653488
  .6150000000 -.6300171672
  .6200000000 -.6574177699
  .6250000000 -.6880284806
  .6300000000 -.7199821168
  .6350000000 -.7558183533
  .6400000000 -.7928447802
  .6450000000 -.8341950949
  .6500000000 -.8773091265
  .6550000000 -.9240794127
  .6600000000 -.9739241574
  .6650000000 -1.026513904
  .6700000000 -1.083816504
  .6750000000 -1.143645127
  .6800000000 -1.208253620
  .6850000000 -1.276870651
  .6900000000 -1.348776552
  .6950000000 -1.427050413
  .7000000000 -1.509352981
  .7050000000 -1.595894512
  .7100000000 -1.689780790
  .7150000000 -1.788645242
  .7200000000 -1.892887316
  .7250000000 -2.004733519
  .7300000000 -2.123643993
  .7350000000 -2.249343040
  .7400000000 -2.382374476
  .7450000000 -2.525054536
  .7500000000 -2.676735342
  .7550000000 -2.837604409
  .7600000000 -3.008394775
  .7650000000 -3.189900245
  .7700000000 -3.383479504
  .7750000000 -3.590425229
  .7800000000 -3.810715371
  .7850000000 -4.045415573
  .7900000000 -4.295680727
  .7950000000 -4.562763406
  .8000000000 -4.848023559
  .8050000000 -5.152939723
  .8100000000 -5.479122046
  .8150000000 -5.828327481
  .8200000000 -6.202477549
  .8250000000 -6.603679144
  .8300000000 -7.034890327
  .8350000000 -7.500193824
  .8400000000 -8.000923224
  .8450000000 -8.540304746
  .8500000000 -9.122765042
  .8550000000 -9.756517545
  .8600000000 -10.44220533
  .8650000000 -11.18984534
  .8700000000 -12.00540524
  .8750000000 -12.89936953
  .8800000000 -13.87917535
  .8850000000 -14.96463329
  .8900000000 -16.16537923
  .8950000000 -17.50097726
&
@ s3 color  2
@ s3 linestyle  1
@target s3
@type xy
  .5130146834 -10.000
  .5130146834  10.000
  .5599284151  10.000
  .5599284151 -10.000
&
@ s4 color  3
@ s4 linestyle  1
@ legend string 4 "(3)-(1)"
@target s4
@type xy
  .1000000000 -18.99466797
  .1050000000 -17.50097726
  .1100000000 -16.16537923
  .1150000000 -14.96463329
  .1200000000 -13.87917535
  .1250000000 -12.89936953
  .1300000000 -12.00540524
  .1350000000 -11.18984534
  .1400000000 -10.44220533
  .1450000000 -9.756517545
  .1500000000 -9.122765042
  .1550000000 -8.540304746
  .1600000000 -8.000923224
  .1650000000 -7.500193824
  .1700000000 -7.034890327
  .1750000000 -6.603679144
  .1800000000 -6.202477549
  .1850000000 -5.828327481
  .1900000000 -5.479122046
  .1950000000 -5.152939723
  .2000000000 -4.848023559
  .2050000000 -4.562763406
  .2100000000 -4.295680727
  .2150000000 -4.045415573
  .2200000000 -3.810715371
  .2250000000 -3.590425229
  .2300000000 -3.383479504
  .2350000000 -3.189900245
  .2400000000 -3.008394775
  .2450000000 -2.837604409
  .2500000000 -2.676735342
  .2550000000 -2.525054536
  .2600000000 -2.382374476
  .2650000000 -2.249343040
  .2700000000 -2.123643993
  .2750000000 -2.004733519
  .2800000000 -1.892887316
  .2850000000 -1.788645242
  .2900000000 -1.689780790
  .2950000000 -1.595894512
  .3000000000 -1.509352981
  .3050000000 -1.427050413
  .3100000000 -1.348776552
  .3150000000 -1.276870651
  .3200000000 -1.208253620
  .3250000000 -1.143645127
  .3300000000 -1.083816504
  .3350000000 -1.026513904
  .3400000000 -.9739241574
  .3450000000 -.9240794127
  .3500000000 -.8773091265
  .3550000000 -.8341950949
  .3600000000 -.7928447802
  .3650000000 -.7558183533
  .3700000000 -.7199821168
  .3750000000 -.6880284806
  .3800000000 -.6574177699
  .3850000000 -.6300171672
  .3900000000 -.6041653488
  .3950000000 -.5810800504
  .4000000000 -.5595767081
  .4050000000 -.5406090462
  .4100000000 -.5230926758
  .4150000000 -.5080851774
  .4200000000 -.4942352880
  .4250000000 -.4830715633
  .4300000000 -.4725997473
  .4350000000 -.4652061621
  .4400000000 -.4578970769
  .4450000000 -.4551684586
  .4500000000 -.4522260194
  .4550000000 -.4509996157
  .4600000000 -.4514887147
  .4650000000 -.4536959748
  .4700000000 -.4576275108
  .4750000000 -.4632932669
  .4800000000 -.4707073342
  .4850000000 -.4798880607
  .4900000000 -.4864025330
  .4950000000 -.4997107706
  .5000000000 -.5134230982
  .5050000000 -.5309196801
  .5100000000 -.5485938952
  .5150000000 -.5687981829
  .5200000000 -.5907928583
  .5250000000 -.6137676512
  .5300000000 -.6402156880
  .5350000000 -.6669465969
  .5400000000 -.6973736427
  .5450000000 -.7287907462
  .5500000000 -.7628354668
  .5550000000 -.7991614694
  .5600000000 -.8372393615
  .5650000000 -.8787389710
  .5700000000 -.9213041903
  .5750000000 -.9682846330
  .5800000000 -1.015840624
  .5850000000 -1.068652956
  .5900000000 -1.122105454
  .5950000000 -1.180804025
  .6000000000 -1.240578860
  .6050000000 -1.305817179
  .6100000000 -1.372371352
  .6150000000 -1.444906848
  .6200000000 -1.518811341
  .6250000000 -1.599441527
  .6300000000 -1.681971158
  .6350000000 -1.770966840
  .6400000000 -1.863166711
  .6450000000 -1.961233449
  .6500000000 -2.064299017
  .6550000000 -2.172230242
  .6600000000 -2.287533584
  .6650000000 -2.406849086
  .6700000000 -2.535343101
  .6750000000 -2.669417802
  .6800000000 -2.810555825
  .6850000000 -2.961378236
  .6900000000 -3.118708868
  .6950000000 -3.286277181
  .7000000000 -3.464083715
  .7050000000 -3.650451999
  .7100000000 -3.849366073
  .7150000000 -4.060962911
  .7200000000 -4.283842233
  .7250000000 -4.520151188
  .7300000000 -4.774307261
  .7350000000 -5.043332632
  .7400000000 -5.328573530
  .7450000000 -5.632430740
  .7500000000 -5.959954792
  .7550000000 -6.308857697
  .7600000000 -6.681164844
  .7650000000 -7.079124578
  .7700000000 -7.505229611
  .7750000000 -7.963190713
  .7800000000 -8.457356905
  .7850000000 -8.988444384
  .7900000000 -9.560036807
  .7950000000 -10.17607213
  .8000000000 -10.84087089
  .8050000000 -11.55916632
  .8100000000 -12.33613733
  .8150000000 -13.17744461
  .8200000000 -14.08927148
  .8250000000 -15.07927298
  .8300000000 -16.16019335
  .8350000000 -17.33582388
  .8400000000 -18.61521512
  .8450000000 -20.00829536
  .8500000000 -21.53552772
  .8550000000 -23.20877594
  .8600000000 -25.03557833
  .8650000000 -27.05392916
  .8700000000 -29.26593111
  .8750000000 -31.71814451
  .8800000000 -34.42287483
  .8850000000 -37.43477230
  .8900000000 -40.79599955
  .8950000000 -44.55901962
&
@ s5 color  3
@ s5 linestyle  1
@target s5
@type xy
  .4400715848 -10.000
  .4400715848  10.000
  .4869853165  10.000
  .4869853165 -10.000
&
