# ACE/gr parameter file
#
@    version 50122
@    world xmin 0.25
@    world xmax 0.75
@    title font 5
@    xaxis  tick major 0.1
@    xaxis  tick minor 0.02
@    xaxis  label "(r-r\s1\N)/d"
@    xaxis  label font 5
@    xaxis  label char size 1.2
@    xaxis  ticklabel font 4
@    xaxis  ticklabel char size 1
@    yaxis  tick major .1
@    yaxis  tick minor .02
@    yaxis  label font 4
@    yaxis  label char size 1.2
@    yaxis  ticklabel font 5
@    yaxis  ticklabel char size 1
@    title "potential between neighbors"
@    yaxis  label "V(r) (Ry)"
@    world ymin -10.
@    world ymax   .0
@    yaxis  tick major 2
@    yaxis  tick minor 1
@ s0 color  1
@ s0 linestyle  1
@ legend string 0 "(1)-(3)"
@target s0
@type xy
  .1000000000 -142.0517971
  .1050000000 -135.3103668
  .1100000000 -129.1768919
  .1150000000 -123.5698329
  .1200000000 -118.4286039
  .1250000000 -113.7035409
  .1300000000 -109.3297104
  .1350000000 -105.2896245
  .1400000000 -101.5264299
  .1450000000 -98.03420567
  .1500000000 -94.76590499
  .1550000000 -91.70978508
  .1600000000 -88.84942351
  .1650000000 -86.15878724
  .1700000000 -83.62426307
  .1750000000 -81.23350868
  .1800000000 -78.98056192
  .1850000000 -76.84922723
  .1900000000 -74.82935775
  .1950000000 -72.91265195
  .2000000000 -71.09152211
  .2050000000 -69.35902387
  .2100000000 -67.70879399
  .2150000000 -66.13499508
  .2200000000 -64.63226648
  .2250000000 -63.19568045
  .2300000000 -61.82412684
  .2350000000 -60.51173838
  .2400000000 -59.25333677
  .2450000000 -58.04530566
  .2500000000 -56.88430855
  .2550000000 -55.76726532
  .2600000000 -54.69759313
  .2650000000 -53.66783750
  .2700000000 -52.67419263
  .2750000000 -51.71437230
  .2800000000 -50.79317602
  .2850000000 -49.90356012
  .2900000000 -49.04179965
  .2950000000 -48.21015585
  .3000000000 -47.40852666
  .3050000000 -46.62984709
  .3100000000 -45.87696596
  .3150000000 -45.14997918
  .3200000000 -44.44190371
  .3250000000 -43.75858485
  .3300000000 -43.09510594
  .3350000000 -42.44843590
  .3400000000 -41.82556630
  .3450000000 -41.21628528
  .3500000000 -40.62713748
  .3550000000 -40.05308554
  .3600000000 -39.49425135
  .3650000000 -38.95237273
  .3700000000 -38.42186085
  .3750000000 -37.90939552
  .3800000000 -37.40538911
  .3850000000 -36.91984345
  .3900000000 -36.44143880
  .3950000000 -35.97980338
  .4000000000 -35.52499208
  .4050000000 -35.08571899
  .4100000000 -34.65256807
  .4150000000 -34.23435271
  .4200000000 -33.82114604
  .4250000000 -33.42275011
  .4300000000 -33.02905529
  .4350000000 -32.64820688
  .4400000000 -32.27295177
  .4450000000 -31.90823916
  .4500000000 -31.55043269
  .4550000000 -31.20055772
  .4600000000 -30.85927925
  .4650000000 -30.52304620
  .4700000000 -30.19743596
  .4750000000 -29.87527138
  .4800000000 -29.56299403
  .4850000000 -29.25546496
  .4900000000 -28.95417866
  .4950000000 -28.66054014
  .5000000000 -28.36985280
  .5050000000 -28.08888470
  .5100000000 -27.81119346
  .5150000000 -.0086500360
  .5200000000 -.0069316031
  .5250000000 -.0053864181
  .5300000000 -.0040036687
  .5350000000 -.0027701640
  .5400000000 -.0016716361
  .5450000000 -.0006941461
  .5500000000  .0001746977
  .5550000000  .0009449498
  .5600000000 -9.203778798
  .5650000000 -9.309825159
  .5700000000 -9.417097516
  .5750000000 -9.528073825
  .5800000000 -9.640828483
  .5850000000 -9.757117850
  .5900000000 -9.875663798
  .5950000000 -9.997728147
  .6000000000 -10.12240409
  .6050000000 -10.25074951
  .6100000000 -10.38192642
  .6150000000 -10.51710878
  .6200000000 -10.65519269
  .6250000000 -10.79782360
  .6300000000 -10.94325883
  .6350000000 -11.09401209
  .6400000000 -11.24752126
  .6450000000 -11.40690357
  .6500000000 -11.56970817
  .6550000000 -11.73785076
  .6600000000 -11.91082062
  .6650000000 -12.08834359
  .6700000000 -12.27244054
  .6750000000 -12.46099396
  .6800000000 -12.65631371
  .6850000000 -12.85769629
  .6900000000 -13.06448900
  .6950000000 -13.27983709
  .7000000000 -13.50147599
  .7050000000 -13.72969192
  .7100000000 -13.96766401
  .7150000000 -14.21311258
  .7200000000 -14.46652469
  .7250000000 -14.73021336
  .7300000000 -15.00373802
  .7350000000 -15.28692847
  .7400000000 -15.58043777
  .7450000000 -15.88669567
  .7500000000 -16.20518509
  .7550000000 -16.53623031
  .7600000000 -16.88071059
  .7650000000 -17.23957819
  .7700000000 -17.61436799
  .7750000000 -18.00657042
  .7800000000 -18.41636734
  .7850000000 -18.84505309
  .7900000000 -19.29403442
  .7950000000 -19.76484180
  .8000000000 -20.25914190
  .8050000000 -20.77875173
  .8100000000 -21.32565445
  .8150000000 -21.90201725
  .8200000000 -22.51021161
  .8250000000 -23.15283626
  .8300000000 -23.83342022
  .8350000000 -24.55671935
  .8400000000 -25.32461338
  .8450000000 -26.14099915
  .8500000000 -27.01106316
  .8550000000 -27.94399657
  .8600000000 -28.94097058
  .8650000000 -30.01299582
  .8700000000 -31.16676758
  .8750000000 -32.41355319
  .8800000000 -33.76144474
  .8850000000 -35.23087631
  .8900000000 -36.83194513
  .8950000000 -38.58469486
&
@ s1 color  1
@ s1 linestyle  1
@target s1
@type xy
  .5130146834 -10.000
  .5130146834  10.000
  .5599284151  10.000
  .5599284151 -10.000
&
@ s2 color  2
@ s2 linestyle  1
@ legend string 2 "(2)-(3)"
@target s2
@type xy
  .1000000000 -141.5138990
  .1050000000 -134.7527603
  .1100000000 -128.6100689
  .1150000000 -123.0019929
  .1200000000 -117.8657367
  .1250000000 -113.1496003
  .1300000000 -108.7867922
  .1350000000 -104.7589872
  .1400000000 -101.0083978
  .1450000000 -97.52874450
  .1500000000 -94.27265007
  .1550000000 -91.22823007
  .1600000000 -88.37897508
  .1650000000 -85.69884957
  .1700000000 -83.17424639
  .1750000000 -80.79284436
  .1800000000 -78.54868941
  .1850000000 -76.42564805
  .1900000000 -74.41361694
  .1950000000 -72.50433392
  .2000000000 -70.69024981
  .2050000000 -68.96445745
  .2100000000 -67.32062895
  .2150000000 -65.75296023
  .2200000000 -64.25612174
  .2250000000 -62.82521458
  .2300000000 -61.45915053
  .2350000000 -60.15209467
  .2400000000 -58.89889517
  .2450000000 -57.69595741
  .2500000000 -56.53996405
  .2550000000 -55.42785140
  .2600000000 -54.36307197
  .2650000000 -53.33818445
  .2700000000 -52.34939119
  .2750000000 -51.39441359
  .2800000000 -50.47811313
  .2850000000 -49.59343539
  .2900000000 -48.73664354
  .2950000000 -47.91004577
  .3000000000 -47.11358491
  .3050000000 -46.34012865
  .3100000000 -45.59258987
  .3150000000 -44.87111444
  .3200000000 -44.16861070
  .3250000000 -43.49107214
  .3300000000 -42.83351610
  .3350000000 -42.19284747
  .3400000000 -41.57628313
  .3450000000 -40.97334879
  .3500000000 -40.39080250
  .3550000000 -39.82347918
  .3600000000 -39.27151502
  .3650000000 -38.73672787
  .3700000000 -38.21334755
  .3750000000 -37.70829346
  .3800000000 -37.21165755
  .3850000000 -36.73377606
  .3900000000 -36.26296279
  .3950000000 -35.80913486
  .4000000000 -35.36205671
  .4050000000 -34.93065278
  .4100000000 -34.50528567
  .4150000000 -34.09490779
  .4200000000 -33.68944473
  .4250000000 -33.29874939
  .4300000000 -32.91266529
  .4350000000 -32.53927914
  .4400000000 -32.17139198
  .4450000000 -31.81383366
  .4500000000 -31.46304296
  .4550000000 -31.11996875
  .4600000000 -30.78525173
  .4650000000 -30.45544396
  .4700000000 -30.13585216
  .4750000000 -29.81964235
  .4800000000 -29.51286296
  .4850000000 -29.21068329
  .4900000000 -28.91447169
  .4950000000 -28.62552966
  .5000000000 -28.33949163
  .5050000000 -28.06258410
  .5100000000 -27.78887302
  .5150000000  .0086500360
  .5200000000  .0069316031
  .5250000000  .0053864181
  .5300000000  .0040036687
  .5350000000  .0027701640
  .5400000000  .0016716361
  .5450000000  .0006941461
  .5500000000 -.0001746977
  .5550000000 -.0009449498
  .5600000000 -9.208226485
  .5650000000 -9.315222610
  .5700000000 -9.423455711
  .5750000000 -9.535152829
  .5800000000 -9.648589143
  .5850000000 -9.765389252
  .5900000000 -9.884382695
  .5950000000 -10.00676613
  .6000000000 -10.13169406
  .6050000000 -10.26018777
  .6100000000 -10.39145399
  .6150000000 -10.52663544
  .6200000000 -10.66467359
  .6250000000 -10.80717550
  .6300000000 -10.95245294
  .6350000000 -11.10296894
  .6400000000 -11.25622329
  .6450000000 -11.41528234
  .6500000000 -11.57774413
  .6550000000 -11.74550037
  .6600000000 -11.91805605
  .6650000000 -12.09514011
  .6700000000 -12.27876586
  .6750000000 -12.46683214
  .6800000000 -12.66164017
  .6850000000 -12.86249471
  .6900000000 -13.06874503
  .6950000000 -13.28353421
  .7000000000 -13.50460360
  .7050000000 -13.73223901
  .7100000000 -13.96962212
  .7150000000 -14.21447418
  .7200000000 -14.46728250
  .7250000000 -14.73036358
  .7300000000 -15.00327730
  .7350000000 -15.28585311
  .7400000000 -15.57874496
  .7450000000 -15.88438722
  .7500000000 -16.20226159
  .7550000000 -16.53269239
  .7600000000 -16.87655997
  .7650000000 -17.23481777
  .7700000000 -17.60900307
  .7750000000 -18.00060846
  .7800000000 -18.40981490
  .7850000000 -18.83791814
  .7900000000 -19.28632655
  .7950000000 -19.75657231
  .8000000000 -20.25032405
  .8050000000 -20.76940092
  .8100000000 -21.31578855
  .8150000000 -21.89165693
  .8200000000 -22.49938076
  .8250000000 -23.14156249
  .8300000000 -23.82173710
  .8350000000 -24.54466962
  .8400000000 -25.31224196
  .8450000000 -26.12835810
  .8500000000 -26.99821518
  .8550000000 -27.93102631
  .8600000000 -28.92796235
  .8650000000 -30.00006080
  .8700000000 -31.15403014
  .8750000000 -32.40116166
  .8800000000 -33.74955757
  .8850000000 -35.21968779
  .8900000000 -36.82164371
  .8950000000 -38.57547217
&
@ s3 color  2
@ s3 linestyle  1
@target s3
@type xy
  .5130146834 -10.000
  .5130146834  10.000
  .5599284151  10.000
  .5599284151 -10.000
&
@ s4 color  3
@ s4 linestyle  1
@ legend string 4 "(3)-(1)"
@target s4
@type xy
  .1000000000 -40.51282085
  .1050000000 -38.58469486
  .1100000000 -36.83194513
  .1150000000 -35.23087631
  .1200000000 -33.76144474
  .1250000000 -32.41355319
  .1300000000 -31.16676758
  .1350000000 -30.01299582
  .1400000000 -28.94097058
  .1450000000 -27.94399657
  .1500000000 -27.01106316
  .1550000000 -26.14099915
  .1600000000 -25.32461338
  .1650000000 -24.55671935
  .1700000000 -23.83342022
  .1750000000 -23.15283626
  .1800000000 -22.51021161
  .1850000000 -21.90201725
  .1900000000 -21.32565445
  .1950000000 -20.77875173
  .2000000000 -20.25914190
  .2050000000 -19.76484180
  .2100000000 -19.29403442
  .2150000000 -18.84505309
  .2200000000 -18.41636734
  .2250000000 -18.00657042
  .2300000000 -17.61436799
  .2350000000 -17.23957819
  .2400000000 -16.88071059
  .2450000000 -16.53623031
  .2500000000 -16.20518509
  .2550000000 -15.88669567
  .2600000000 -15.58043777
  .2650000000 -15.28692847
  .2700000000 -15.00373802
  .2750000000 -14.73021336
  .2800000000 -14.46652469
  .2850000000 -14.21311258
  .2900000000 -13.96766401
  .2950000000 -13.72969192
  .3000000000 -13.50147599
  .3050000000 -13.27983709
  .3100000000 -13.06448900
  .3150000000 -12.85769629
  .3200000000 -12.65631371
  .3250000000 -12.46099396
  .3300000000 -12.27244054
  .3350000000 -12.08834359
  .3400000000 -11.91082062
  .3450000000 -11.73785076
  .3500000000 -11.56970817
  .3550000000 -11.40690357
  .3600000000 -11.24752126
  .3650000000 -11.09401209
  .3700000000 -10.94325883
  .3750000000 -10.79782360
  .3800000000 -10.65519269
  .3850000000 -10.51710878
  .3900000000 -10.38192642
  .3950000000 -10.25074951
  .4000000000 -10.12240409
  .4050000000 -9.997728147
  .4100000000 -9.875663798
  .4150000000 -9.757117850
  .4200000000 -9.640828483
  .4250000000 -9.528073825
  .4300000000 -9.417097516
  .4350000000 -9.309825159
  .4400000000 -9.203778798
  .4450000000  .0009449498
  .4500000000  .0001746977
  .4550000000 -.0006941461
  .4600000000 -.0016716361
  .4650000000 -.0027701640
  .4700000000 -.0040036687
  .4750000000 -.0053864181
  .4800000000 -.0069316031
  .4850000000 -.0086500360
  .4900000000 -27.81119346
  .4950000000 -28.08888470
  .5000000000 -28.36985280
  .5050000000 -28.66054014
  .5100000000 -28.95417866
  .5150000000 -29.25546496
  .5200000000 -29.56299403
  .5250000000 -29.87527138
  .5300000000 -30.19743596
  .5350000000 -30.52304620
  .5400000000 -30.85927925
  .5450000000 -31.20055772
  .5500000000 -31.55043269
  .5550000000 -31.90823916
  .5600000000 -32.27295177
  .5650000000 -32.64820688
  .5700000000 -33.02905529
  .5750000000 -33.42275011
  .5800000000 -33.82114604
  .5850000000 -34.23435271
  .5900000000 -34.65256807
  .5950000000 -35.08571899
  .6000000000 -35.52499208
  .6050000000 -35.97980338
  .6100000000 -36.44143880
  .6150000000 -36.91984345
  .6200000000 -37.40538911
  .6250000000 -37.90939552
  .6300000000 -38.42186085
  .6350000000 -38.95237273
  .6400000000 -39.49425135
  .6450000000 -40.05308554
  .6500000000 -40.62713748
  .6550000000 -41.21628528
  .6600000000 -41.82556630
  .6650000000 -42.44843590
  .6700000000 -43.09510594
  .6750000000 -43.75858485
  .6800000000 -44.44190371
  .6850000000 -45.14997918
  .6900000000 -45.87696596
  .6950000000 -46.62984709
  .7000000000 -47.40852666
  .7050000000 -48.21015585
  .7100000000 -49.04179965
  .7150000000 -49.90356012
  .7200000000 -50.79317602
  .7250000000 -51.71437230
  .7300000000 -52.67419263
  .7350000000 -53.66783750
  .7400000000 -54.69759313
  .7450000000 -55.76726532
  .7500000000 -56.88430855
  .7550000000 -58.04530566
  .7600000000 -59.25333677
  .7650000000 -60.51173838
  .7700000000 -61.82412684
  .7750000000 -63.19568045
  .7800000000 -64.63226648
  .7850000000 -66.13499508
  .7900000000 -67.70879399
  .7950000000 -69.35902387
  .8000000000 -71.09152211
  .8050000000 -72.91265195
  .8100000000 -74.82935775
  .8150000000 -76.84922723
  .8200000000 -78.98056192
  .8250000000 -81.23350868
  .8300000000 -83.62426307
  .8350000000 -86.15878724
  .8400000000 -88.84942351
  .8450000000 -91.70978508
  .8500000000 -94.76590499
  .8550000000 -98.03420567
  .8600000000 -101.5264299
  .8650000000 -105.2896245
  .8700000000 -109.3297104
  .8750000000 -113.7035409
  .8800000000 -118.4286039
  .8850000000 -123.5698329
  .8900000000 -129.1768919
  .8950000000 -135.3103668
&
@ s5 color  3
@ s5 linestyle  1
@target s5
@type xy
  .4400715848 -10.000
  .4400715848  10.000
  .4869853165  10.000
  .4869853165 -10.000
&
