 (i6, f12.0, f18.0, f8.3, i6)
   670  60.0000000  0.02500000000000  28.000     1
 (3e22.14)
  2.99785922551063e-06  3.14822549208962e-06  3.30613342277546e-06
  3.47196124215286e-06  3.64610614099160e-06  3.82898522713610e-06
  4.02103652405541e-06  4.22272001944136e-06  4.43451876636215e-06
  4.65694003960420e-06  4.89051654996841e-06  5.13580771941976e-06
  5.39340102014547e-06  5.66391338071294e-06  5.94799266270340e-06
  6.24631921132761e-06  6.55960748376559e-06  6.88860775906608e-06
  7.23410793377883e-06  7.59693540748342e-06  7.97795906288002e-06
  8.37809134500651e-06  8.79829044469155e-06  9.23956259135942e-06
  9.70296446072454e-06  1.01896057030814e-05  1.07006515982863e-05
  1.12373258436798e-05  1.18009134817476e-05  1.23927639743094e-05
  1.30142944308257e-05  1.36669929982697e-05  1.43524224208793e-05
  1.50722237781257e-05  1.58281204099206e-05  1.66219220383519e-05
  1.74555290958804e-05  1.83309372701731e-05  1.92502422766462e-05
  2.02156448697688e-05  2.12294561054978e-05  2.22941028669578e-05
  2.34121336669165e-05  2.45862247406233e-05  2.58191864437001e-05
  2.71139699702116e-05  2.84736744070846e-05  2.99015541414356e-05
  3.14010266388427e-05  3.29756806105322e-05  3.46292845896372e-05
  3.63657959362174e-05  3.81893702931171e-05  4.01043715147201e-05
  4.21153820925186e-05  4.42272141020965e-05  4.64449206978488e-05
  4.87738081823604e-05  5.12194486798048e-05  5.37876934425677e-05
  5.64846868239131e-05  5.93168809486828e-05  6.22910511179578e-05
  6.54143119835348e-05  6.86941345311175e-05  7.21383639122096e-05
  7.57552381675165e-05  7.95534078855969e-05  8.35419568445225e-05
  8.77304236839652e-05  9.21288246611000e-05  9.67476775422496e-05
  1.01598026688696e-04  1.06691469394872e-04  1.12040183542145e-04
  1.17656956633125e-04  1.23555216276048e-04  1.29749062190220e-04
  1.36253299810009e-04  1.43083475564835e-04  1.50255913920720e-04
  1.57787756269275e-04  1.65697001757380e-04  1.74002550152833e-04
  1.82724246848989e-04  1.91882930111952e-04  2.01500480685788e-04
  2.11599873868073e-04  2.22205234183438e-04  2.33341892780058e-04
  2.45036447687146e-04  2.57316827073779e-04  2.70212355659283e-04
  2.83753824429956e-04  2.97973563828657e-04  3.12905520585642e-04
  3.28585338376724e-04  3.45050442491446e-04  3.62340128717309e-04
  3.80495656642514e-04  3.99560347600580e-04  4.19579687483749e-04
  4.40601434668240e-04  4.62675733301485e-04  4.85855232220718e-04
  5.10195209774783e-04  5.35753704850182e-04  5.62591654396026e-04
  5.90773037781053e-04  6.20365028309258e-04  6.51438152254855e-04
  6.84066455782611e-04  7.18327680145736e-04  7.54303445564552e-04
  7.92079444220512e-04  8.31745642803276e-04  8.73396495096496e-04
  9.17131165076093e-04  9.63053761058334e-04  1.01127358142254e-03
  1.06190537248936e-03  1.11506959914305e-03  1.17089272882859e-03
  1.22950752957122e-03  1.29105338271736e-03  1.35567661109880e-03
  1.42353082340099e-03  1.49477727549432e-03  1.56958524959148e-03
  1.64813245207114e-03  1.73060543089976e-03  1.81720001359342e-03
  1.90812176672987e-03  2.00358647804671e-03  2.10382066224410e-03
  2.20906209161461e-03  2.31956035274096e-03  2.43557743048993e-03
  2.55738832065514e-03  2.68528167261315e-03  2.81956046346525e-03
  2.96054270515726e-03  3.10856218621524e-03  3.26396924969979e-03
  3.42713160920520e-03  3.59843520465136e-03  3.77828509984999e-03
  3.96710642380290e-03  4.16534535785831e-03  4.37347017089989e-03
  4.59197230489367e-03  4.82136751315541e-03  5.06219705391920e-03
  5.31502894174763e-03  5.58045925965390e-03  5.85911353469605e-03
  6.15164818016100e-03  6.45875200741585e-03  6.78114781076829e-03
  7.11959402874707e-03  7.47488648545042e-03  7.84786021565714e-03
  8.23939137774542e-03  8.65039925837538e-03  9.08184837343103e-03
  9.53475066950531e-03  1.00101678307967e-02  1.05092136961890e-02
  1.10330567917098e-02  1.15829229836481e-02  1.21600982579857e-02
  1.27659316318395e-02  1.34018382031763e-02  1.40693023448657e-02
  1.47698810500222e-02  1.55052074351752e-02  1.62769944087614e-02
  1.70870385122168e-02  1.79372239416145e-02  1.88295267578872e-02
  1.97660192942460e-02  2.07488747694219e-02  2.17803721162455e-02
  2.28629010346810e-02  2.39989672798578e-02  2.51911981948624e-02
  2.64423484995983e-02  2.77553063465527e-02  2.91330996553612e-02
  3.05789027381065e-02  3.20960432281633e-02  3.36880093252974e-02
  3.53584573711355e-02  3.71112197682846e-02  3.89503132587007e-02
  4.08799475753999e-02  4.29045344840963e-02  4.50286972303779e-02
  4.72572804096409e-02  4.95953602768944e-02  5.20482555148380e-02
  5.46215384782098e-02  5.73210469345955e-02  6.01528963201823e-02
  6.31234925326899e-02  6.62395452807992e-02  6.95080820134260e-02
  7.29364624501511e-02  7.65323937365816e-02  8.03039462478425e-02
  8.42595700652639e-02  8.84081121501901e-02  9.27588342422332e-02
  9.73214315058226e-02  1.02106051954970e-01  1.07123316680535e-01
  1.12384340910759e-01  1.17900755931686e-01  1.23684731897771e-01
  1.29749001561275e-01  1.36106884951685e-01  1.42772315033536e-01
  1.49759864376125e-01  1.57084772862640e-01  1.64762976473259e-01
  1.72811137170594e-01  1.81246673920880e-01  1.90087794880047e-01
  1.99353530778514e-01  2.09063769530802e-01  2.19239292106727e-01
  2.29901809685730e-01  2.41074002131312e-01  2.52779557806658e-01
  2.65043214762885e-01  2.77890803322444e-01  2.91349290083591e-01
  3.05446823365078e-01  3.20212780115246e-01  3.35677814296179e-01
  3.51873906767258e-01  3.68834416667406e-01  3.86594134316873e-01
  4.05189335631667e-01  4.24657838058354e-01  4.45039058019309e-01
  4.66374069861920e-01  4.88705666290602e-01  5.12078420266897e-01
  5.36538748335918e-01  5.62134975359189e-01  5.88917400586114e-01
  6.16938365031987e-01  6.46252320077765e-01  6.76915897229829e-01
  7.08987978943305e-01  7.42529770415377e-01  7.77604872225542e-01
  8.14279353708036e-01  8.52621826889957e-01  8.92703520864362e-01
  9.34598356378724e-01  9.78383020479863e-01  1.02413704095889e+00
  1.07194286037794e+00  1.12188590939547e+00  1.17405467910921e+00
  1.22854079208068e+00  1.28543907171757e+00  1.34484760959583e+00
  1.40686783036547e+00  1.47160455372419e+00  1.53916605305023e+00
  1.60966411011173e+00  1.68321406533868e+00  1.75993486302608e+00
  1.83994909085012e+00  1.92338301297098e+00  2.01036659603746e+00
  2.10103352723159e+00  2.19552122361413e+00  2.29397083175989e+00
  2.39652721686004e+00  2.50333894017940e+00  2.61455822390048e+00
  2.73034090214156e+00  2.85084635709704e+00  2.97623743888250e+00
  3.10668036799767e+00  3.24234461883071e+00  3.38340278296073e+00
  3.53003041063225e+00  3.68240582899803e+00  3.84070993533727e+00
  4.00512596385977e+00  4.17583922406858e+00  4.35303680923162e+00
  4.53690727291199e+00  4.72764027189363e+00  4.92542617346439e+00
  5.13045562538684e+00  5.34291908628030e+00  5.56300631500662e+00
  5.79090581651736e+00  6.02680424289341e+00  6.27088574718690e+00
  6.52333128861258e+00  6.78431788710422e+00  7.05401782576936e+00
  7.33259779942259e+00  7.62021800816217e+00  7.91703119418745e+00
  8.22318162149067e+00  8.53880399672279e+00  8.86402233149107e+00
  9.19894874501306e+00  9.54368220777100e+00  9.89830722589838e+00
  1.02628924679673e+01  1.06374893341468e+01  1.10221304711903e+01
  1.14168282335822e+01  1.18215730956964e+01  1.22363320169593e+01
  1.26610467654338e+01  1.30956322041796e+01  1.35399745468967e+01
  1.39939295888856e+01  1.44573209222382e+01  1.49299381423804e+01
  1.54115350579756e+01  1.59018279125869e+01  1.64004936327400e+01
  1.69071681136156e+01  1.74214445585516e+01  1.79428718867086e+01
  1.84709532281294e+01  1.90051445215587e+01  1.95448532391749e+01
  2.00894372541549e+01  2.06382038787002e+01  2.11904090918138e+01
  2.17452569849041e+01  2.23018994483277e+01  2.28594361293379e+01
  2.34169146839152e+01  2.39733313582124e+01  2.45276319199170e+01
  2.50787129773476e+01  2.56254237084139e+01  2.61665680333541e+01
  2.67009072565791e+01  2.72271632072328e+01  2.77440219018817e+01
  2.82501377572871e+01  2.87441383699894e+01  2.92246298887853e+01
  2.96902029863230e+01  3.01394394539401e+01  3.05709194123729e+01
  3.09832291548451e+01  3.13749696060866e+01  3.17447653959770e+01
  3.20912745235987e+01  3.24131985909856e+01  3.27092935669184e+01
  3.29783810434665e+01  3.32193599241439e+01  3.34312184895367e+01
  3.36130467526741e+01  3.37640490350913e+01  3.38835566463743e+01
  3.39710405771319e+01  3.40261240688432e+01  3.40485949390133e+01
  3.40384175093392e+01  3.39957439920480e+01  3.39209251563842e+01
  3.38145201199034e+01  3.36773050628934e+01  3.35102806982657e+01
  3.33146782901573e+01  3.30919640376227e+01  3.28438416220592e+01
  3.25722527366716e+01  3.22793753994042e+01  3.19676198921918e+01
  3.16396221382643e+01  3.12982343974285e+01  3.09465131249668e+01
  3.05877039110053e+01  3.02252234086180e+01  2.98626382185819e+01
  2.95036407055499e+01  2.91520217980395e+01  2.88116408149397e+01
  2.84863924705281e+01  2.81801711930794e+01  2.78968329992150e+01
  2.76401551776386e+01  2.74137941138996e+01  2.72212416267053e+01
  2.70657802472920e+01  2.69504379191471e+01  2.68779426415787e+01
  2.68506776317193e+01  2.68706376099869e+01  2.69393868520988e+01
  2.70580196759504e+01  2.72271240474969e+01  2.74467490016533e+01
  2.77163765684375e+01  2.80348988891450e+01  2.84006011730277e+01
  2.88111511231763e+01  2.92635953929001e+01  2.97543635935344e+01
  3.02792802769399e+01  3.08335852501046e+01  3.14119624596098e+01
  3.20085775899839e+01  3.26171243796449e+01  3.32308795463180e+01
  3.38427660556704e+01  3.44454243361739e+01  3.50312908880124e+01
  3.55926835845071e+01  3.61218928143473e+01  3.66112774756072e+01
  3.70533646760238e+01  3.74409518893258e+01  3.77672101749190e+01
  3.80257869845878e+01  3.82109069867611e+01  3.83174692764954e+01
  3.83411392981169e+01  3.82784338013681e+01  3.81267971422877e+01
  3.78846673175648e+01  3.75515301540170e+01  3.71279602189744e+01
  3.66156471274095e+01  3.60174061128193e+01  3.53371719225818e+01
  3.45799753488035e+01  3.37519019519639e+01  3.28600328642395e+01
  3.19123678346112e+01  3.09177310647504e+01  2.98856606968623e+01
  2.88262832072382e+01  2.77501742975504e+01  2.66682082544124e+01
  2.55913980465856e+01  2.45307287849375e+01  2.34969873846515e+01
  2.25005915350179e+01  2.15514212066623e+01  2.06586560312651e+01
  1.98306218958044e+01  1.90746500149279e+01  1.83969515948434e+01
  1.78025109401130e+01  1.72949995447016e+01  1.68767132773388e+01
  1.65485343266237e+01  1.63099190219983e+01  1.61589121028777e+01
  1.60921874105662e+01  1.61051143879777e+01  1.61918491795292e+01
  1.63454485523085e+01  1.65580043159948e+01  1.68207954215129e+01
  1.71244544762584e+01  1.74591450432734e+01  1.78147458084248e+01
  1.81810375128856e+01  1.85478884738950e+01  1.89054345584028e+01
  1.92442496363241e+01  1.95555028228744e+01  1.98310992086998e+01
  2.00638012698251e+01  2.02473287166014e+01  2.03764351741779e+01
  2.04469607504787e+01  2.04558602254338e+01  2.04012072574051e+01
  2.02821756259558e+01  2.00989990961746e+01  1.98529119770037e+01
  1.95460728439032e+01  1.91814741945832e+01  1.87628410009906e+01
  1.82945212133623e+01  1.77813712643162e+01  1.72286395242384e+01
  1.66418504847889e+01  1.60266922015802e+01  1.53889092373240e+01
  1.47342030120098e+01  1.40681411159796e+01  1.33960767779509e+01
  1.27230793220638e+01  1.20538761025078e+01  1.13928060841564e+01
  1.07437849422277e+01  1.01102812987896e+01  9.49530349510164e+00
  8.90139611196872e+00  8.33064531795408e+00  7.78469201401719e+00
  7.26475168197568e+00  6.77163981058335e+00  6.30580176933301e+00
  5.86734602888081e+00  5.45607967238161e+00  5.07154521308226e+00
  4.71305781634722e+00  4.37974212042052e+00  4.07056795537263e+00
  3.78438436779356e+00  3.51995147041006e+00  3.27596974479188e+00
  3.05110653006797e+00  2.84401953146246e+00  2.65337727072159e+00
  2.47787648382161e+00  2.31625654119840e+00  2.16731102391230e+00
  2.02989663845382e+00  1.90293968712407e+00  1.78544033704722e+00
  1.67647494546766e+00  1.57519670405143e+00  1.48083486328726e+00
  1.39269278792637e+00  1.31014508041382e+00  1.23263398993815e+00
  1.15966530327763e+00  1.09080389003697e+00  1.02566905095688e+00
  9.63929793885722e-01  9.05300139491227e-01  8.49534537104081e-01
  7.96423452179520e-01  7.45789169532544e-01  6.97481842152384e-01
  6.51375803118086e-01  6.07366148509066e-01  5.65365591614014e-01
  5.25301583354660e-01  4.87113690052273e-01  4.50751217536065e-01
  4.16171069518841e-01  3.83335828122793e-01  3.52212044958100e-01
  3.22768732129732e-01  2.94976043618710e-01  2.68804138718023e-01
  2.44222220032457e-01  2.21197739318132e-01  1.99695764855612e-01
  1.79678503977476e-01  1.61104974111433e-01  1.43930814924651e-01
  1.28108233285848e-01  1.13586071462590e-01  1.00309987800230e-01
  8.82227376428883e-02  7.72645411075849e-02  6.73735231011709e-02
  5.84862101464898e-02  5.05380679710916e-02  4.34640636332510e-02
  3.71992361362830e-02  3.16792601111146e-02  2.68409881605059e-02
  2.26229588790722e-02  1.89658592921066e-02  1.58129324818634e-02
  1.31103233605552e-02  1.08073578680543e-02  8.85675318739873e-03
  7.21475882134504e-03  5.84123046532828e-03  4.69964046790382e-03
  3.75703024671668e-03  2.98391126914475e-03  2.35412209616105e-03
  1.84464952186708e-03  1.43542202552717e-03  1.10908362138681e-03
  8.50755780385835e-04  6.47794458804861e-04  4.89548455255547e-04
  3.67124389196434e-04  2.73162602862651e-04  2.01627291498310e-04
  1.47613200174764e-04  1.07170339002180e-04  7.71473682126587e-05
  5.50536373331579e-05  3.89393048118931e-05  2.72925413224413e-05
  1.89525242877835e-05  1.30367203069024e-05  8.88087735014619e-06
  5.99010826149171e-06  3.99950916814734e-06  2.64283911813158e-06
  1.72791459387855e-06  1.11751537065677e-06  7.14748344143884e-07
  4.51966746615974e-07  2.82484828550503e-07  1.74460519605618e-07
  1.06435581969411e-07  6.41261015051980e-08  3.81423683691167e-08
  2.23907422993173e-08  1.29680761870946e-08  7.40772329791387e-09
  4.17200484498379e-09  2.31582607741127e-09  1.26649466317934e-09
  6.82160793912948e-10  3.61719316496230e-10  1.88758116776278e-10
  9.68934646236700e-11  4.89060123746203e-11  2.42624460097599e-11
  1.18256058665470e-11  5.66022326824147e-12  2.65928588922996e-12
  1.22578055551168e-12  5.54072202351116e-13  2.45476791024200e-13
  1.06542824913223e-13  4.52772632686813e-14  1.88298620234714e-14
  7.65930506393924e-15  3.04544449928683e-15  1.18308848216870e-15
  4.48903303175221e-16  1.66213547821524e-16  6.00193814037334e-17
  2.11230637922083e-17  7.24086987613846e-18  2.41620283773646e-18
  7.84277384955321e-19  2.47247981029425e-19  7.57026150934448e-20
  2.24948529613825e-20  6.48217190711011e-21  1.81002958113915e-21
  4.89364700261119e-22  1.27999061091942e-22  3.23626795085589e-23
  7.90265211751136e-24  1.86212865228874e-24  4.23022018710975e-25
  9.25616016585615e-26  1.94895268359698e-26  3.94504349685269e-27
  7.66918448257336e-28  1.43037304463751e-28  2.55680026425660e-29
  4.37547008725495e-30
 (i6, f12.0, f18.0, f8.3, i6)
   670  60.0000000  0.02500000000000  28.000     1
 (3e22.14)
  2.99785922551063e-06  3.14822549208962e-06  3.30613342277546e-06
  3.47196124215286e-06  3.64610614099160e-06  3.82898522713610e-06
  4.02103652405541e-06  4.22272001944136e-06  4.43451876636215e-06
  4.65694003960420e-06  4.89051654996841e-06  5.13580771941976e-06
  5.39340102014547e-06  5.66391338071294e-06  5.94799266270340e-06
  6.24631921132761e-06  6.55960748376559e-06  6.88860775906608e-06
  7.23410793377883e-06  7.59693540748342e-06  7.97795906288002e-06
  8.37809134500651e-06  8.79829044469155e-06  9.23956259135942e-06
  9.70296446072454e-06  1.01896057030814e-05  1.07006515982863e-05
  1.12373258436798e-05  1.18009134817476e-05  1.23927639743094e-05
  1.30142944308257e-05  1.36669929982697e-05  1.43524224208793e-05
  1.50722237781257e-05  1.58281204099206e-05  1.66219220383519e-05
  1.74555290958804e-05  1.83309372701731e-05  1.92502422766462e-05
  2.02156448697688e-05  2.12294561054978e-05  2.22941028669578e-05
  2.34121336669165e-05  2.45862247406233e-05  2.58191864437001e-05
  2.71139699702116e-05  2.84736744070846e-05  2.99015541414356e-05
  3.14010266388427e-05  3.29756806105322e-05  3.46292845896372e-05
  3.63657959362174e-05  3.81893702931171e-05  4.01043715147201e-05
  4.21153820925186e-05  4.42272141020965e-05  4.64449206978488e-05
  4.87738081823604e-05  5.12194486798048e-05  5.37876934425677e-05
  5.64846868239131e-05  5.93168809486828e-05  6.22910511179578e-05
  6.54143119835348e-05  6.86941345311175e-05  7.21383639122096e-05
  7.57552381675165e-05  7.95534078855969e-05  8.35419568445225e-05
  8.77304236839652e-05  9.21288246611000e-05  9.67476775422496e-05
  1.01598026688696e-04  1.06691469394872e-04  1.12040183542145e-04
  1.17656956633125e-04  1.23555216276048e-04  1.29749062190220e-04
  1.36253299810009e-04  1.43083475564835e-04  1.50255913920720e-04
  1.57787756269275e-04  1.65697001757380e-04  1.74002550152833e-04
  1.82724246848989e-04  1.91882930111952e-04  2.01500480685788e-04
  2.11599873868073e-04  2.22205234183438e-04  2.33341892780058e-04
  2.45036447687146e-04  2.57316827073779e-04  2.70212355659283e-04
  2.83753824429956e-04  2.97973563828657e-04  3.12905520585642e-04
  3.28585338376724e-04  3.45050442491446e-04  3.62340128717309e-04
  3.80495656642514e-04  3.99560347600580e-04  4.19579687483749e-04
  4.40601434668240e-04  4.62675733301485e-04  4.85855232220718e-04
  5.10195209774783e-04  5.35753704850182e-04  5.62591654396026e-04
  5.90773037781053e-04  6.20365028309258e-04  6.51438152254855e-04
  6.84066455782611e-04  7.18327680145736e-04  7.54303445564552e-04
  7.92079444220512e-04  8.31745642803276e-04  8.73396495096496e-04
  9.17131165076093e-04  9.63053761058334e-04  1.01127358142254e-03
  1.06190537248936e-03  1.11506959914305e-03  1.17089272882859e-03
  1.22950752957122e-03  1.29105338271736e-03  1.35567661109880e-03
  1.42353082340099e-03  1.49477727549432e-03  1.56958524959148e-03
  1.64813245207114e-03  1.73060543089976e-03  1.81720001359342e-03
  1.90812176672987e-03  2.00358647804671e-03  2.10382066224410e-03
  2.20906209161461e-03  2.31956035274096e-03  2.43557743048993e-03
  2.55738832065514e-03  2.68528167261315e-03  2.81956046346525e-03
  2.96054270515726e-03  3.10856218621524e-03  3.26396924969979e-03
  3.42713160920520e-03  3.59843520465136e-03  3.77828509984999e-03
  3.96710642380290e-03  4.16534535785831e-03  4.37347017089989e-03
  4.59197230489367e-03  4.82136751315541e-03  5.06219705391920e-03
  5.31502894174763e-03  5.58045925965390e-03  5.85911353469605e-03
  6.15164818016100e-03  6.45875200741585e-03  6.78114781076829e-03
  7.11959402874707e-03  7.47488648545042e-03  7.84786021565714e-03
  8.23939137774542e-03  8.65039925837538e-03  9.08184837343103e-03
  9.53475066950531e-03  1.00101678307967e-02  1.05092136961890e-02
  1.10330567917098e-02  1.15829229836481e-02  1.21600982579857e-02
  1.27659316318395e-02  1.34018382031763e-02  1.40693023448657e-02
  1.47698810500222e-02  1.55052074351752e-02  1.62769944087614e-02
  1.70870385122168e-02  1.79372239416145e-02  1.88295267578872e-02
  1.97660192942460e-02  2.07488747694219e-02  2.17803721162455e-02
  2.28629010346810e-02  2.39989672798578e-02  2.51911981948624e-02
  2.64423484995983e-02  2.77553063465527e-02  2.91330996553612e-02
  3.05789027381065e-02  3.20960432281633e-02  3.36880093252974e-02
  3.53584573711355e-02  3.71112197682846e-02  3.89503132587007e-02
  4.08799475753999e-02  4.29045344840963e-02  4.50286972303779e-02
  4.72572804096409e-02  4.95953602768944e-02  5.20482555148380e-02
  5.46215384782098e-02  5.73210469345955e-02  6.01528963201823e-02
  6.31234925326899e-02  6.62395452807992e-02  6.95080820134260e-02
  7.29364624501511e-02  7.65323937365816e-02  8.03039462478425e-02
  8.42595700652639e-02  8.84081121501901e-02  9.27588342422332e-02
  9.73214315058226e-02  1.02106051954970e-01  1.07123316680535e-01
  1.12384340910759e-01  1.17900755931686e-01  1.23684731897771e-01
  1.29749001561275e-01  1.36106884951685e-01  1.42772315033536e-01
  1.49759864376125e-01  1.57084772862640e-01  1.64762976473259e-01
  1.72811137170594e-01  1.81246673920880e-01  1.90087794880047e-01
  1.99353530778514e-01  2.09063769530802e-01  2.19239292106727e-01
  2.29901809685730e-01  2.41074002131312e-01  2.52779557806658e-01
  2.65043214762885e-01  2.77890803322444e-01  2.91349290083591e-01
  3.05446823365078e-01  3.20212780115246e-01  3.35677814296179e-01
  3.51873906767258e-01  3.68834416667406e-01  3.86594134316873e-01
  4.05189335631667e-01  4.24657838058354e-01  4.45039058019309e-01
  4.66374069861920e-01  4.88705666290602e-01  5.12078420266897e-01
  5.36538748335918e-01  5.62134975359189e-01  5.88917400586114e-01
  6.16938365031987e-01  6.46252320077765e-01  6.76915897229829e-01
  7.08987978943305e-01  7.42529770415377e-01  7.77604872225542e-01
  8.14279353708036e-01  8.52621826889957e-01  8.92703520864362e-01
  9.34598356378724e-01  9.78383020479863e-01  1.02413704095889e+00
  1.07194286037794e+00  1.12188590939547e+00  1.17405467910921e+00
  1.22854079208068e+00  1.28543907171757e+00  1.34484760959583e+00
  1.40686783036547e+00  1.47160455372419e+00  1.53916605305023e+00
  1.60966411011173e+00  1.68321406533868e+00  1.75993486302608e+00
  1.83994909085012e+00  1.92338301297098e+00  2.01036659603746e+00
  2.10103352723159e+00  2.19552122361413e+00  2.29397083175989e+00
  2.39652721686004e+00  2.50333894017940e+00  2.61455822390048e+00
  2.73034090214156e+00  2.85084635709704e+00  2.97623743888250e+00
  3.10668036799767e+00  3.24234461883071e+00  3.38340278296073e+00
  3.53003041063225e+00  3.68240582899803e+00  3.84070993533727e+00
  4.00512596385977e+00  4.17583922406858e+00  4.35303680923162e+00
  4.53690727291199e+00  4.72764027189363e+00  4.92542617346439e+00
  5.13045562538684e+00  5.34291908628030e+00  5.56300631500662e+00
  5.79090581651736e+00  6.02680424289341e+00  6.27088574718690e+00
  6.52333128861258e+00  6.78431788710422e+00  7.05401782576936e+00
  7.33259779942259e+00  7.62021800816217e+00  7.91703119418745e+00
  8.22318162149067e+00  8.53880399672279e+00  8.86402233149107e+00
  9.19894874501306e+00  9.54368220777100e+00  9.89830722589838e+00
  1.02628924679673e+01  1.06374893341468e+01  1.10221304711903e+01
  1.14168282335822e+01  1.18215730956964e+01  1.22363320169593e+01
  1.26610467654338e+01  1.30956322041796e+01  1.35399745468967e+01
  1.39939295888856e+01  1.44573209222382e+01  1.49299381423804e+01
  1.54115350579756e+01  1.59018279125869e+01  1.64004936327400e+01
  1.69071681136156e+01  1.74214445585516e+01  1.79428718867086e+01
  1.84709532281294e+01  1.90051445215587e+01  1.95448532391749e+01
  2.00894372541549e+01  2.06382038787002e+01  2.11904090918138e+01
  2.17452569849041e+01  2.23018994483277e+01  2.28594361293379e+01
  2.34169146839152e+01  2.39733313582124e+01  2.45276319199170e+01
  2.50787129773476e+01  2.56254237084139e+01  2.61665680333541e+01
  2.67009072565791e+01  2.72271632072328e+01  2.77440219018817e+01
  2.82501377572871e+01  2.87441383699894e+01  2.92246298887853e+01
  2.96902029863230e+01  3.01394394539401e+01  3.05709194123729e+01
  3.09832291548451e+01  3.13749696060866e+01  3.17447653959770e+01
  3.20912745235987e+01  3.24131985909856e+01  3.27092935669184e+01
  3.29783810434665e+01  3.32193599241439e+01  3.34312184895367e+01
  3.36130467526741e+01  3.37640490350913e+01  3.38835566463743e+01
  3.39710405771319e+01  3.40261240688432e+01  3.40485949390133e+01
  3.40384175093392e+01  3.39957439920480e+01  3.39209251563842e+01
  3.38145201199034e+01  3.36773050628934e+01  3.35102806982657e+01
  3.33146782901573e+01  3.30919640376227e+01  3.28438416220592e+01
  3.25722527366716e+01  3.22793753994042e+01  3.19676198921918e+01
  3.16396221382643e+01  3.12982343974285e+01  3.09465131249668e+01
  3.05877039110053e+01  3.02252234086180e+01  2.98626382185819e+01
  2.95036407055499e+01  2.91520217980395e+01  2.88116408149397e+01
  2.84863924705281e+01  2.81801711930794e+01  2.78968329992150e+01
  2.76401551776386e+01  2.74137941138996e+01  2.72212416267053e+01
  2.70657802472920e+01  2.69504379191471e+01  2.68779426415787e+01
  2.68506776317193e+01  2.68706376099869e+01  2.69393868520988e+01
  2.70580196759504e+01  2.72271240474969e+01  2.74467490016533e+01
  2.77163765684375e+01  2.80348988891450e+01  2.84006011730277e+01
  2.88111511231763e+01  2.92635953929001e+01  2.97543635935344e+01
  3.02792802769399e+01  3.08335852501046e+01  3.14119624596098e+01
  3.20085775899839e+01  3.26171243796449e+01  3.32308795463180e+01
  3.38427660556704e+01  3.44454243361739e+01  3.50312908880124e+01
  3.55926835845071e+01  3.61218928143473e+01  3.66112774756072e+01
  3.70533646760238e+01  3.74409518893258e+01  3.77672101749190e+01
  3.80257869845878e+01  3.82109069867611e+01  3.83174692764954e+01
  3.83411392981169e+01  3.82784338013681e+01  3.81267971422877e+01
  3.78846673175648e+01  3.75515301540170e+01  3.71279602189744e+01
  3.66156471274095e+01  3.60174061128193e+01  3.53371719225818e+01
  3.45799753488035e+01  3.37519019519639e+01  3.28600328642395e+01
  3.19123678346112e+01  3.09177310647504e+01  2.98856606968623e+01
  2.88262832072382e+01  2.77501742975504e+01  2.66682082544124e+01
  2.55913980465856e+01  2.45307287849375e+01  2.34969873846515e+01
  2.25005915350179e+01  2.15514212066623e+01  2.06586560312651e+01
  1.98306218958044e+01  1.90746500149279e+01  1.83969515948434e+01
  1.78025109401130e+01  1.72949995447016e+01  1.68767132773388e+01
  1.65485343266237e+01  1.63099190219983e+01  1.61589121028777e+01
  1.60921874105662e+01  1.61051143879777e+01  1.61918491795292e+01
  1.63454485523085e+01  1.65580043159948e+01  1.68207954215129e+01
  1.71244544762584e+01  1.74591450432734e+01  1.78147458084248e+01
  1.81810375128856e+01  1.85478884738950e+01  1.89054345584028e+01
  1.92442496363241e+01  1.95555028228744e+01  1.98310992086998e+01
  2.00638012698251e+01  2.02473287166014e+01  2.03764351741779e+01
  2.04469607504787e+01  2.04558602254338e+01  2.04012072574051e+01
  2.02821756259558e+01  2.00989990961746e+01  1.98529119770037e+01
  1.95460728439032e+01  1.91814741945832e+01  1.87628410009906e+01
  1.82945212133623e+01  1.77813712643162e+01  1.72286395242384e+01
  1.66418504847889e+01  1.60266922015802e+01  1.53889092373240e+01
  1.47342030120098e+01  1.40681411159796e+01  1.33960767779509e+01
  1.27230793220638e+01  1.20538761025078e+01  1.13928060841564e+01
  1.07437849422277e+01  1.01102812987896e+01  9.49530349510164e+00
  8.90139611196872e+00  8.33064531795408e+00  7.78469201401719e+00
  7.26475168197568e+00  6.77163981058335e+00  6.30580176933301e+00
  5.86734602888081e+00  5.45607967238161e+00  5.07154521308226e+00
  4.71305781634722e+00  4.37974212042052e+00  4.07056795537263e+00
  3.78438436779356e+00  3.51995147041006e+00  3.27596974479188e+00
  3.05110653006797e+00  2.84401953146246e+00  2.65337727072159e+00
  2.47787648382161e+00  2.31625654119840e+00  2.16731102391230e+00
  2.02989663845382e+00  1.90293968712407e+00  1.78544033704722e+00
  1.67647494546766e+00  1.57519670405143e+00  1.48083486328726e+00
  1.39269278792637e+00  1.31014508041382e+00  1.23263398993815e+00
  1.15966530327763e+00  1.09080389003697e+00  1.02566905095688e+00
  9.63929793885722e-01  9.05300139491227e-01  8.49534537104081e-01
  7.96423452179520e-01  7.45789169532544e-01  6.97481842152384e-01
  6.51375803118086e-01  6.07366148509066e-01  5.65365591614014e-01
  5.25301583354660e-01  4.87113690052273e-01  4.50751217536065e-01
  4.16171069518841e-01  3.83335828122793e-01  3.52212044958100e-01
  3.22768732129732e-01  2.94976043618710e-01  2.68804138718023e-01
  2.44222220032457e-01  2.21197739318132e-01  1.99695764855612e-01
  1.79678503977476e-01  1.61104974111433e-01  1.43930814924651e-01
  1.28108233285848e-01  1.13586071462590e-01  1.00309987800230e-01
  8.82227376428883e-02  7.72645411075849e-02  6.73735231011709e-02
  5.84862101464898e-02  5.05380679710916e-02  4.34640636332510e-02
  3.71992361362830e-02  3.16792601111146e-02  2.68409881605059e-02
  2.26229588790722e-02  1.89658592921066e-02  1.58129324818634e-02
  1.31103233605552e-02  1.08073578680543e-02  8.85675318739873e-03
  7.21475882134504e-03  5.84123046532828e-03  4.69964046790382e-03
  3.75703024671668e-03  2.98391126914475e-03  2.35412209616105e-03
  1.84464952186708e-03  1.43542202552717e-03  1.10908362138681e-03
  8.50755780385835e-04  6.47794458804861e-04  4.89548455255547e-04
  3.67124389196434e-04  2.73162602862651e-04  2.01627291498310e-04
  1.47613200174764e-04  1.07170339002180e-04  7.71473682126587e-05
  5.50536373331579e-05  3.89393048118931e-05  2.72925413224413e-05
  1.89525242877835e-05  1.30367203069024e-05  8.88087735014619e-06
  5.99010826149171e-06  3.99950916814734e-06  2.64283911813158e-06
  1.72791459387855e-06  1.11751537065677e-06  7.14748344143884e-07
  4.51966746615974e-07  2.82484828550503e-07  1.74460519605618e-07
  1.06435581969411e-07  6.41261015051980e-08  3.81423683691167e-08
  2.23907422993173e-08  1.29680761870946e-08  7.40772329791387e-09
  4.17200484498379e-09  2.31582607741127e-09  1.26649466317934e-09
  6.82160793912948e-10  3.61719316496230e-10  1.88758116776278e-10
  9.68934646236700e-11  4.89060123746203e-11  2.42624460097599e-11
  1.18256058665470e-11  5.66022326824147e-12  2.65928588922996e-12
  1.22578055551168e-12  5.54072202351116e-13  2.45476791024200e-13
  1.06542824913223e-13  4.52772632686813e-14  1.88298620234714e-14
  7.65930506393924e-15  3.04544449928683e-15  1.18308848216870e-15
  4.48903303175221e-16  1.66213547821524e-16  6.00193814037334e-17
  2.11230637922083e-17  7.24086987613846e-18  2.41620283773646e-18
  7.84277384955321e-19  2.47247981029425e-19  7.57026150934448e-20
  2.24948529613825e-20  6.48217190711011e-21  1.81002958113915e-21
  4.89364700261119e-22  1.27999061091942e-22  3.23626795085589e-23
  7.90265211751136e-24  1.86212865228874e-24  4.23022018710975e-25
  9.25616016585615e-26  1.94895268359698e-26  3.94504349685269e-27
  7.66918448257336e-28  1.43037304463751e-28  2.55680026425660e-29
  4.37547008725495e-30
 (i6, f12.0, f18.0, f8.3, i6)
   595  60.0000000  0.02500000000000   8.000     1
 (3e22.14)
  1.81689323374816e-06  1.90986797400506e-06  2.00760001352492e-06
  2.11033273800220e-06  2.21832198220336e-06  2.33183666652480e-06
  2.45115946608394e-06  2.57658751400464e-06  2.70843314064337e-06
  2.84702465059115e-06  2.99270713938062e-06  3.14584335192451e-06
  3.30681458481743e-06  3.47602163473847e-06  3.65388579531069e-06
  3.84084990488647e-06  4.03737944786473e-06  4.24396371226368e-06
  4.46111700642882e-06  4.68937993788631e-06  4.92932075751811e-06
  5.18153677238845e-06  5.44665583072648e-06  5.72533788274309e-06
  6.01827662115481e-06  6.32620120547319e-06  6.64987807434198e-06
  6.99011285039928e-06  7.34775234239632e-06  7.72368664951984e-06
  8.11885137313689e-06  8.53422994143318e-06  8.97085605270294e-06
  9.42981624333246e-06  9.91225258684015e-06  1.04193655306389e-05
  1.09524168775525e-05  1.15127329194457e-05  1.21017077307278e-05
  1.27208066298639e-05  1.33715698174579e-05  1.40556161998858e-05
  1.47746474079446e-05  1.55304520204179e-05  1.63249100030197e-05
  1.71599973736449e-05  1.80377911054691e-05  1.89604742799784e-05
  1.99303415026554e-05  2.09498045946703e-05  2.20213985746254e-05
  2.31477879450787e-05  2.43317732993708e-05  2.55762982649980e-05
  2.68844568006695e-05  2.82595008649894e-05  2.97048484756626e-05
  3.12240921790378e-05  3.28210079508550e-05  3.44995645500370e-05
  3.62639333485952e-05  3.81184986617189e-05  4.00678686035172e-05
  4.21168864949999e-05  4.42706428523558e-05  4.65344879849163e-05
  4.89140452337334e-05  5.14152248832023e-05  5.40442387798765e-05
  5.68076156942192e-05  5.97122174630164e-05  6.27652559518346e-05
  6.59743108791655e-05  6.93473485457287e-05  7.28927415148007e-05
  7.66192892916020e-05  8.05362400522799e-05  8.46533134754687e-05
  8.89807247322104e-05  9.35292096925966e-05  9.83100514107120e-05
  1.03335107952218e-04  1.08616841632435e-04  1.14168349735948e-04
  1.20003396792500e-04  1.26136448487442e-04  1.32582707289290e-04
  1.39358149880505e-04  1.46479566482624e-04  1.53964602170632e-04
  1.61831800276904e-04  1.70100647989512e-04  1.78791624255225e-04
  1.87926250102822e-04  1.97527141508302e-04  2.07618064929225e-04
  2.18223995642330e-04  2.29371179024446e-04  2.41087194924480e-04
  2.53401025280824e-04  2.66343125146743e-04  2.79945497293835e-04
  2.94241770572646e-04  3.09267282217409e-04  3.25059164292515e-04
  3.41656434486124e-04  3.59100091468577e-04  3.77433215041919e-04
  3.96701071319524e-04  4.16951223185463e-04  4.38233646296141e-04
  4.60600850898908e-04  4.84108009756680e-04  5.08813092480206e-04
  5.34777006586542e-04  5.62063745614682e-04  5.90740544648940e-04
  6.20878043614195e-04  6.52550458727486e-04  6.85835762507130e-04
  7.20815872761169e-04  7.57576850995918e-04  7.96209110708541e-04
  8.36807636046875e-04  8.79472211346745e-04  9.24307662077065e-04
  9.71424107752326e-04  1.02093722739548e-03  1.07296853816465e-03
  1.12764568778289e-03  1.18510276144553e-03  1.24548060390374e-03
  1.30892715746614e-03  1.37559781668355e-03  1.44565580052858e-03
  1.51927254291139e-03  1.59662810241760e-03  1.67791159219183e-03
  1.76332163093702e-03  1.85306681603861e-03  1.94736621987796e-03
  2.04644991043680e-03  2.15055949735751e-03  2.25994870466568e-03
  2.37488397142522e-03  2.49564508164647e-03  2.62252582483624e-03
  2.75583468862693e-03  2.89589558500824e-03  3.04304861172338e-03
  3.19765085049418e-03  3.36007720378219e-03  3.53072127189177e-03
  3.70999627228461e-03  3.89833600306687e-03  4.09619585268473e-03
  4.30405385796728e-03  4.52241181272287e-03  4.75179642922613e-03
  4.99276055498121e-03  5.24588444730573e-03  5.51177710832989e-03
  5.79107768315780e-03  6.08445692402077e-03  6.39261872338893e-03
  6.71630171910581e-03  7.05628097476714e-03  7.41336973864304e-03
  7.78842128463988e-03  8.18233083886040e-03  8.59603759552741e-03
  9.03052682612552e-03  9.48683208580810e-03  9.96603752121123e-03
  1.04692802840588e-02  1.09977530549665e-02  1.15527066821926e-02
  1.21354529400481e-02  1.27473674120336e-02  1.33898925037952e-02
  1.40645405912630e-02  1.47728973094460e-02  1.55166249876012e-02
  1.62974662365781e-02  1.71172476944727e-02  1.79778839366782e-02
  1.88813815569142e-02  1.98298434256365e-02  2.08254731327595e-02
  2.18705796215247e-02  2.29675820207144e-02  2.41190146824540e-02
  2.53275324331530e-02  2.65959160450900e-02  2.79270779366220e-02
  2.93240681087260e-02  3.07900803261930e-02  3.23284585514869e-02
  3.39427036397467e-02  3.56364803032139e-02  3.74136243538227e-02
  3.92781502321741e-02  4.12342588320502e-02  4.32863456284673e-02
  4.54390091185777e-02  4.76970595834755e-02  5.00655281798395e-02
  5.25496763696177e-02  5.51550056962388e-02  5.78872679152114e-02
  6.07524754873919e-02  6.37569124418799e-02  6.69071456167076e-02
  7.02100362829763e-02  7.36727521600392e-02  7.73027798264493e-02
  8.11079375326113e-02  8.50963884190904e-02  8.92766541445877e-02
  9.36576289257462e-02  9.82485939913064e-02  1.03059232449782e-01
  1.08099644571842e-01  1.13380363482690e-01  1.18912371263319e-01
  1.24707115452833e-01  1.30776525946068e-01  1.37133032275990e-01
  1.43789581269893e-01  1.50759655064010e-01  1.58057289461353e-01
  1.65697092610231e-01  1.73694263983538e-01  1.82064613628956e-01
  1.90824581662443e-01  1.99991257968586e-01  2.09582402071098e-01
  2.19616463127056e-01  2.30112600001335e-01  2.41090701360305e-01
  2.52571405733979e-01  2.64576121471966e-01  2.77127046528363e-01
  2.90247187991103e-01  3.03960381272161e-01  3.18291308861467e-01
  3.33265518544814e-01  3.48909440968500e-01  3.65250406437630e-01
  3.82316660804873e-01  4.00137380323285e-01  4.18742685294619e-01
  4.38163652362951e-01  4.58432325267636e-01  4.79581723873237e-01
  5.01645851269815e-01  5.24659698735003e-01  5.48659248317847e-01
  5.73681472816950e-01  5.99764332869958e-01  6.26946770910334e-01
  6.55268701669226e-01  6.84770998943537e-01  7.15495478287592e-01
  7.47484875301184e-01  7.80782819147951e-01  8.15433800944042e-01
  8.51483136606413e-01  8.88976923786355e-01  9.27961992419252e-01
  9.68485848510777e-01  1.01059661064471e+00  1.05434293879763e+00
  1.09977395494177e+00  1.14693915496685e+00  1.19588831139912e+00
  1.24667136643055e+00  1.29933831470070e+00  1.35393907536843e+00
  1.41052335286387e+00  1.46914048590631e+00  1.52983928415918e+00
  1.59266785211061e+00  1.65767339961143e+00  1.72490203866822e+00
  1.79439856593460e+00  1.86620623063778e+00  1.94036648735783e+00
  2.01691873351685e+00  2.09590003112567e+00  2.17734481267399e+00
  2.26128457089590e+00  2.34774753247262e+00  2.43675831544290e+00
  2.52833757075212e+00  2.62250160775029e+00  2.71926200437204e+00
  2.81862520213143e+00  2.92059208677285e+00  3.02515755521120e+00
  3.13231006980974e+00  3.24203120099639e+00  3.35429515975505e+00
  3.46906832123796e+00  3.58630874170589e+00  3.70596567028236e+00
  3.82797905835749e+00  3.95227906870491e+00  4.07878558751081e+00
  4.20740774209088e+00  4.33804342816436e+00  4.47057884972132e+00
  4.60488807648096e+00  4.74083262213867e+00  4.87826104922134e+00
  5.01700860456502e+00  5.15689689138955e+00  5.29773358309950e+00
  5.43931218501832e+00  5.58141184978191e+00  5.72379725328486e+00
  5.86621853700362e+00  6.00841132447965e+00  6.15009681735085e+00
  6.29098197967485e+00  6.43075981562634e+00  6.56910974908145e+00
  6.70569811070260e+00  6.84017873989681e+00  6.97219370734005e+00
  7.10137416468957e+00  7.22734132602180e+00  7.34970758704325e+00
  7.46807778460495e+00  7.58205060215575e+00  7.69122012034203e+00
  7.79517751785584e+00  7.89351291877945e+00  7.98581738835388e+00
  8.07168507220703e+00  8.15071547604460e+00  8.22251587874734e+00
  8.28670387203804e+00  8.34291001530541e+00  8.39078059565101e+00
  8.42998047642004e+00  8.46019602144391e+00  8.48113807196661e+00
  8.49254496064477e+00  8.49418553457451e+00  8.48586216623387e+00
  8.46741372203967e+00  8.43871846160431e+00  8.39969683370695e+00
  8.35031413998244e+00  8.29058302720953e+00  8.22056577826976e+00
  8.14037636060828e+00  8.05018219959439e+00  7.95020563758709e+00
  7.84072504484400e+00  7.72207554483955e+00  7.59464932396247e+00
  7.45889548975835e+00  7.31531945505462e+00  7.16448181611937e+00
  7.00699671034986e+00  6.84352963158204e+00  6.67479469583989e+00
  6.50155134890206e+00  6.32460052065552e+00  6.14478022882473e+00
  5.96296065461100e+00  5.78003870500556e+00  5.59693210067297e+00
  5.41457302198291e+00  5.23390136443471e+00  5.05585765573813e+00
  4.88137569845382e+00  4.71137500612587e+00  4.54675310932832e+00
  4.38837781300470e+00  4.23707948902723e+00  4.09364349499316e+00
  3.95880280811814e+00  3.83323096631504e+00  3.71753540702273e+00
  3.61225129080262e+00  3.51783589394854e+00  3.43466364816827e+00
  3.36302189820552e+00  3.30310744064148e+00  3.25502389749937e+00
  3.21877996791069e+00  3.19428859120479e+00  3.18136704218655e+00
  3.17973796995268e+00  3.18903137775993e+00  3.20878753258863e+00
  3.23846078023775e+00  3.27742423164258e+00  3.32497527628049e+00
  3.38034186753134e+00  3.44268951665702e+00  3.51112892291471e+00
  3.58472415917906e+00  3.66250132637367e+00  3.74345758239820e+00
  3.82657044820242e+00  3.91080728807509e+00  3.99513486007789e+00
  4.07852883064077e+00  4.15998314789942e+00  4.23851917014373e+00
  4.31319444785570e+00  4.38311106422436e+00  4.44742344110043e+00
  4.50534552931594e+00  4.55615730385478e+00  4.59921049982080e+00
  4.63393352913006e+00  4.65983553266492e+00  4.67650953052245e+00
  4.68363464704027e+00  4.68097739645511e+00  4.66839202961073e+00
  4.64581995165141e+00  4.61328823399955e+00  4.57090725418331e+00
  4.51886750893706e+00  4.45743565477249e+00  4.38694984115629e+00
  4.30781440860807e+00  4.22049403121347e+00  4.12550739050752e+00
  4.02342046960078e+00  3.91483956255349e+00  3.80040409295514e+00
  3.68077933765516e+00  3.55664914904982e+00  3.42870876654489e+00
  3.29765780424547e+00  3.16419349474947e+00  3.02900426412555e+00
  2.89276370300642e+00  2.75612499288479e+00  2.61971583434339e+00
  2.48413391787223e+00  2.34994296445653e+00  2.21766935707834e+00
  2.08779937091615e+00  1.96077700463932e+00  1.83700240293490e+00
  1.71683085534503e+00  1.60057234720582e+00  1.48849163324853e+00
  1.38080879808940e+00  1.27770026429469e+00  1.17930020368011e+00
  1.08570230628326e+00  9.96961858511187e-01  9.13098081837863e-01
  8.34096682824226e-01  7.59912566380378e-01  6.90472665202946e-01
  6.25678840646005e-01  5.65410812638150e-01  5.09529079382266e-01
  4.57877790942123e-01  4.10287544634375e-01  3.66578073867979e-01
  3.26560806321217e-01  2.90041271315647e-01  2.56821340356163e-01
  2.26701288764869e-01  1.99481670165715e-01  1.74964999090129e-01
  1.52957240350085e-01  1.33269106761657e-01  1.15717169451489e-01
  1.00124787271466e-01  8.63228637343340e-02  7.41504414116218e-02
  6.34551449225109e-02  5.40934844463577e-02  4.59310322357510e-02
  3.88424848161428e-02  3.27116235734490e-02  2.74311862047410e-02
  2.29026611339523e-02  1.90360164827643e-02  1.57493745849831e-02
  1.29686423596951e-02  1.06271071470596e-02  8.66500687339654e-03
  7.02908267914254e-03  5.67212139701289e-03  4.55249454813184e-03
  3.63369980728909e-03  2.88391019129766e-03  2.27553554172463e-03
  1.78480020627251e-03  1.39134017262811e-03  1.07782227641978e-03
  8.29587494065139e-04  6.34319746319766e-04  4.81741084635060e-04
  3.63333616239863e-04  2.72088051844889e-04  2.02278337898158e-04
  1.49261468910618e-04  1.09301268444089e-04  7.94146820356444e-05
  5.72389421515617e-05  4.09178425254912e-05  2.90052934630808e-05
  2.03843158008310e-05  1.41996627960174e-05  9.80232893299317e-06
  6.70430473723430e-06  4.54205927051448e-06  3.04736957458673e-06
  2.02426192470100e-06  1.33097739418477e-06  8.66018707594319e-07
  5.57472840902145e-07  3.54931161761849e-07  2.23444404114640e-07
  1.39052070072409e-07  8.55150245960024e-08  5.19559494525872e-08
  3.11762239060090e-08  1.84701684613543e-08  1.08003453372947e-08
  6.23131967552487e-09  3.54610070705983e-09  1.98975027035142e-09
  1.10044622602422e-09  5.99651920770918e-10  3.21833720184307e-10
  1.70055021269980e-10  8.84320038689351e-11  4.52382510688491e-11
  2.27561734902279e-11  1.12514648050761e-11  5.46569558652176e-12
  2.60742927084890e-12  1.22098300678859e-12  5.60958735183444e-13
  2.52734994203697e-13  1.11608374976926e-13  4.82840494482080e-14
  2.04530277490465e-14  8.47864546082416e-15  3.43775622209789e-15
  1.36251543590232e-15  5.27603612809807e-16  1.99557576136138e-16
  7.36539758858570e-17  2.65094744241672e-17  9.29698531742353e-18
  3.17350225702509e-18  1.05220739621281e-18  3.37296465741672e-19
  1.06196265297424e-19  3.24714406608552e-20  9.63534188574586e-21
  2.77252976081158e-21  7.73020002670454e-22  2.08671928445095e-22
  5.44929966472371e-23  1.37548640319608e-23  3.35302833850846e-24
  7.88679156631109e-25  1.78835169091394e-25  3.90563983206441e-26
  8.20739289111340e-27  1.65793939795156e-27  3.21623952881081e-28
  5.98548500554768e-29  1.06749339496141e-29  1.82254408861028e-30
  2.97548766787609e-31  4.63995382193475e-32  6.90303750113841e-33
  9.78635110677643e-34  1.32045975132201e-34  1.69359580698902e-35
  2.06213575709758e-36  2.38054375045959e-37  2.60195991645544e-38
  2.68899389942481e-39  2.62378273901202e-40  2.41369968582881e-41
  2.09029891845551e-42
