#     Radial coefficients Phi_{h} of D_{h} in the harmonic 
#     expansion of the Coulomb potential divided by r^{\ell}
#     Phi(1) is from \int_{0}^{r} {r\Pr^{\ell} \over r^{\ell+1}} ...
#     Phi(2) is from \int_{r}^{S} {r^{\ell} \over r\Pr^{\ell+1}} ...
#     Phi(out) is from V_{ext}(S)
# type = 0
# h = 0 (l = 0)
@ type xy
 0  262.284457449841  .000001330585689  259.657718488035  2.62673763122013
 1  262.284457416322  .000001397711351  259.657718387390  2.62673763122013
 2  262.284457379175  .000001468194444  259.657718279761  2.62673763122013
 3  262.284457344237  .000001542203597  259.657718170814  2.62673763122013
 4  262.284457300265  .000001619915890  259.657718049129  2.62673763122013
 5  262.284457264763  .000001701517279  259.657717932025  2.62673763122013
 6  262.284457215862  .000001787203040  259.657717797439  2.62673763122013
 7  262.284457172366  .000001877178235  259.657717663967  2.62673763122013
 8  262.284457123780  .000001971658209  259.657717520902  2.62673763122013
 9  262.284457073836  .000002070869098  259.657717371747  2.62673763122013
 10  262.284457019443  .000002175048375  259.657717213175  2.62673763122013
 11  262.284456966395  .000002284445419  259.657717050730  2.62673763122013
 12  262.284456903406  .000002399322109  259.657716872863  2.62673763122013
 13  262.284456847934  .000002519953452  259.657716696761  2.62673763122013
 14  262.284456778065  .000002646628243  259.657716500216  2.62673763122013
 15  262.284456712549  .000002779649755  259.657716301679  2.62673763122013
 16  262.284456640841  .000002919336465  259.657716090285  2.62673763122013
 17  262.284456566617  .000003066022819  259.657715869374  2.62673763122013
 18  262.284456486727  .000003220060027  259.657715635447  2.62673763122013
 19  262.284456406904  .000003381816911  259.657715393867  2.62673763122013
&
# h = 1 (l = 2)
@ type xy
 0 -.001394313063682  .000000000000000 -.000000000000016 -.001394313063666
 1 -.001394313063682  .000000000000000 -.000000000000016 -.001394313063666
 2 -.001394313063682  .000000000000000 -.000000000000016 -.001394313063666
 3 -.001394313063682  .000000000000000 -.000000000000016 -.001394313063666
 4 -.001394313063682  .000000000000000 -.000000000000016 -.001394313063666
 5 -.001394313063682  .000000000000000 -.000000000000016 -.001394313063666
 6 -.001394313063682  .000000000000000 -.000000000000016 -.001394313063666
 7 -.001394313063682  .000000000000000 -.000000000000016 -.001394313063666
 8 -.001394313063682  .000000000000000 -.000000000000016 -.001394313063666
 9 -.001394313063682  .000000000000000 -.000000000000016 -.001394313063666
 10 -.001394313063682  .000000000000000 -.000000000000016 -.001394313063666
 11 -.001394313063682  .000000000000000 -.000000000000016 -.001394313063666
 12 -.001394313063682  .000000000000000 -.000000000000016 -.001394313063666
 13 -.001394313063682  .000000000000000 -.000000000000016 -.001394313063666
 14 -.001394313063682  .000000000000000 -.000000000000016 -.001394313063666
 15 -.001394313063682  .000000000000000 -.000000000000016 -.001394313063666
 16 -.001394313063682  .000000000000000 -.000000000000016 -.001394313063666
 17 -.001394313063682  .000000000000000 -.000000000000016 -.001394313063666
 18 -.001394313063682  .000000000000000 -.000000000000016 -.001394313063666
 19 -.001394313063682  .000000000000000 -.000000000000016 -.001394313063666
&
# h = 2 (l = 4)
@ type xy
 0 -.028975863412583  .000000000000000  .000000000000000 -.028975863412583
 1 -.028975863412583  .000000000000000  .000000000000000 -.028975863412583
 2 -.028975863412583  .000000000000000  .000000000000000 -.028975863412583
 3 -.028975863412583  .000000000000000  .000000000000000 -.028975863412583
 4 -.028975863412583  .000000000000000  .000000000000000 -.028975863412583
 5 -.028975863412583  .000000000000000  .000000000000000 -.028975863412583
 6 -.028975863412583  .000000000000000  .000000000000000 -.028975863412583
 7 -.028975863412583  .000000000000000  .000000000000000 -.028975863412583
 8 -.028975863412583  .000000000000000  .000000000000000 -.028975863412583
 9 -.028975863412583  .000000000000000  .000000000000000 -.028975863412583
 10 -.028975863412583  .000000000000000  .000000000000000 -.028975863412583
 11 -.028975863412583  .000000000000000  .000000000000000 -.028975863412583
 12 -.028975863412583  .000000000000000  .000000000000000 -.028975863412583
 13 -.028975863412583  .000000000000000  .000000000000000 -.028975863412583
 14 -.028975863412583  .000000000000000  .000000000000000 -.028975863412583
 15 -.028975863412583  .000000000000000  .000000000000000 -.028975863412583
 16 -.028975863412583  .000000000000000  .000000000000000 -.028975863412583
 17 -.028975863412583  .000000000000000  .000000000000000 -.028975863412583
 18 -.028975863412583  .000000000000000  .000000000000000 -.028975863412583
 19 -.028975863412583  .000000000000000  .000000000000000 -.028975863412583
&
# h = 3 (l = 4)
@ type xy
 0  .017034148274617  .000000000000000  .000000000000000  .017034148274617
 1  .017034148274617  .000000000000000  .000000000000000  .017034148274617
 2  .017034148274617  .000000000000000  .000000000000000  .017034148274617
 3  .017034148274617  .000000000000000  .000000000000000  .017034148274617
 4  .017034148274617  .000000000000000  .000000000000000  .017034148274617
 5  .017034148274617  .000000000000000  .000000000000000  .017034148274617
 6  .017034148274617  .000000000000000  .000000000000000  .017034148274617
 7  .017034148274617  .000000000000000  .000000000000000  .017034148274617
 8  .017034148274617  .000000000000000  .000000000000000  .017034148274617
 9  .017034148274617  .000000000000000  .000000000000000  .017034148274617
 10  .017034148274617  .000000000000000  .000000000000000  .017034148274617
 11  .017034148274617  .000000000000000  .000000000000000  .017034148274617
 12  .017034148274617  .000000000000000  .000000000000000  .017034148274617
 13  .017034148274617  .000000000000000  .000000000000000  .017034148274617
 14  .017034148274617  .000000000000000  .000000000000000  .017034148274617
 15  .017034148274617  .000000000000000  .000000000000000  .017034148274617
 16  .017034148274617  .000000000000000  .000000000000000  .017034148274617
 17  .017034148274617  .000000000000000  .000000000000000  .017034148274617
 18  .017034148274617  .000000000000000  .000000000000000  .017034148274617
 19  .017034148274617  .000000000000000  .000000000000000  .017034148274617
&
# h = 4 (l = 6)
@ type xy
 0  .006566113845104  .000000000000000  .000000000000000  .006566113845104
 1  .006566113845104  .000000000000000  .000000000000000  .006566113845104
 2  .006566113845104  .000000000000000  .000000000000000  .006566113845104
 3  .006566113845104  .000000000000000  .000000000000000  .006566113845104
 4  .006566113845104  .000000000000000  .000000000000000  .006566113845104
 5  .006566113845104  .000000000000000  .000000000000000  .006566113845104
 6  .006566113845104  .000000000000000  .000000000000000  .006566113845104
 7  .006566113845104  .000000000000000  .000000000000000  .006566113845104
 8  .006566113845104  .000000000000000  .000000000000000  .006566113845104
 9  .006566113845104  .000000000000000  .000000000000000  .006566113845104
 10  .006566113845104  .000000000000000  .000000000000000  .006566113845104
 11  .006566113845104  .000000000000000  .000000000000000  .006566113845104
 12  .006566113845104  .000000000000000  .000000000000000  .006566113845104
 13  .006566113845104  .000000000000000  .000000000000000  .006566113845104
 14  .006566113845104  .000000000000000  .000000000000000  .006566113845104
 15  .006566113845104  .000000000000000  .000000000000000  .006566113845104
 16  .006566113845104  .000000000000000  .000000000000000  .006566113845104
 17  .006566113845104  .000000000000000  .000000000000000  .006566113845104
 18  .006566113845104  .000000000000000  .000000000000000  .006566113845104
 19  .006566113845104  .000000000000000  .000000000000000  .006566113845104
&
# h = 5 (l = 6)
@ type xy
 0 -.006222664805382  .000000000000000  .000000000000000 -.006222664805382
 1 -.006222664805382  .000000000000000  .000000000000000 -.006222664805382
 2 -.006222664805382  .000000000000000  .000000000000000 -.006222664805382
 3 -.006222664805382  .000000000000000  .000000000000000 -.006222664805382
 4 -.006222664805382  .000000000000000  .000000000000000 -.006222664805382
 5 -.006222664805382  .000000000000000  .000000000000000 -.006222664805382
 6 -.006222664805382  .000000000000000  .000000000000000 -.006222664805382
 7 -.006222664805382  .000000000000000  .000000000000000 -.006222664805382
 8 -.006222664805382  .000000000000000  .000000000000000 -.006222664805382
 9 -.006222664805382  .000000000000000  .000000000000000 -.006222664805382
 10 -.006222664805382  .000000000000000  .000000000000000 -.006222664805382
 11 -.006222664805382  .000000000000000  .000000000000000 -.006222664805382
 12 -.006222664805382  .000000000000000  .000000000000000 -.006222664805382
 13 -.006222664805382  .000000000000000  .000000000000000 -.006222664805382
 14 -.006222664805382  .000000000000000  .000000000000000 -.006222664805382
 15 -.006222664805382  .000000000000000  .000000000000000 -.006222664805382
 16 -.006222664805382  .000000000000000  .000000000000000 -.006222664805382
 17 -.006222664805382  .000000000000000  .000000000000000 -.006222664805382
 18 -.006222664805382  .000000000000000  .000000000000000 -.006222664805382
 19 -.006222664805382  .000000000000000  .000000000000000 -.006222664805382
&
# h = 6 (l = 6)
@ type xy
 0 -.007363821247177  .000000000000000  .000000000000000 -.007363821247177
 1 -.007363821247177  .000000000000000  .000000000000000 -.007363821247177
 2 -.007363821247177  .000000000000000  .000000000000000 -.007363821247177
 3 -.007363821247177  .000000000000000  .000000000000000 -.007363821247177
 4 -.007363821247177  .000000000000000  .000000000000000 -.007363821247177
 5 -.007363821247177  .000000000000000  .000000000000000 -.007363821247177
 6 -.007363821247177  .000000000000000  .000000000000000 -.007363821247177
 7 -.007363821247177  .000000000000000  .000000000000000 -.007363821247177
 8 -.007363821247177  .000000000000000  .000000000000000 -.007363821247177
 9 -.007363821247177  .000000000000000  .000000000000000 -.007363821247177
 10 -.007363821247177  .000000000000000  .000000000000000 -.007363821247177
 11 -.007363821247177  .000000000000000  .000000000000000 -.007363821247177
 12 -.007363821247177  .000000000000000  .000000000000000 -.007363821247177
 13 -.007363821247177  .000000000000000  .000000000000000 -.007363821247177
 14 -.007363821247177  .000000000000000  .000000000000000 -.007363821247177
 15 -.007363821247177  .000000000000000  .000000000000000 -.007363821247177
 16 -.007363821247177  .000000000000000  .000000000000000 -.007363821247177
 17 -.007363821247177  .000000000000000  .000000000000000 -.007363821247177
 18 -.007363821247177  .000000000000000  .000000000000000 -.007363821247177
 19 -.007363821247177  .000000000000000  .000000000000000 -.007363821247177
&
# h = 7 (l = 8)
@ type xy
 0  .015995019586849  .000000000000000  .000000000000000  .015995019586849
 1  .015995019586849  .000000000000000  .000000000000000  .015995019586849
 2  .015995019586849  .000000000000000  .000000000000000  .015995019586849
 3  .015995019586849  .000000000000000  .000000000000000  .015995019586849
 4  .015995019586849  .000000000000000  .000000000000000  .015995019586849
 5  .015995019586849  .000000000000000  .000000000000000  .015995019586849
 6  .015995019586849  .000000000000000  .000000000000000  .015995019586849
 7  .015995019586849  .000000000000000  .000000000000000  .015995019586849
 8  .015995019586849  .000000000000000  .000000000000000  .015995019586849
 9  .015995019586849  .000000000000000  .000000000000000  .015995019586849
 10  .015995019586849  .000000000000000  .000000000000000  .015995019586849
 11  .015995019586849  .000000000000000  .000000000000000  .015995019586849
 12  .015995019586849  .000000000000000  .000000000000000  .015995019586849
 13  .015995019586849  .000000000000000  .000000000000000  .015995019586849
 14  .015995019586849  .000000000000000  .000000000000000  .015995019586849
 15  .015995019586849  .000000000000000  .000000000000000  .015995019586849
 16  .015995019586849  .000000000000000  .000000000000000  .015995019586849
 17  .015995019586849  .000000000000000  .000000000000000  .015995019586849
 18  .015995019586849  .000000000000000  .000000000000000  .015995019586849
 19  .015995019586849  .000000000000000  .000000000000000  .015995019586849
&
# h = 8 (l = 8)
@ type xy
 0  .013159036720378  .000000000000000  .000000000000000  .013159036720378
 1  .013159036720378  .000000000000000  .000000000000000  .013159036720378
 2  .013159036720378  .000000000000000  .000000000000000  .013159036720378
 3  .013159036720378  .000000000000000  .000000000000000  .013159036720378
 4  .013159036720378  .000000000000000  .000000000000000  .013159036720378
 5  .013159036720378  .000000000000000  .000000000000000  .013159036720378
 6  .013159036720378  .000000000000000  .000000000000000  .013159036720378
 7  .013159036720378  .000000000000000  .000000000000000  .013159036720378
 8  .013159036720378  .000000000000000  .000000000000000  .013159036720378
 9  .013159036720378  .000000000000000  .000000000000000  .013159036720378
 10  .013159036720378  .000000000000000  .000000000000000  .013159036720378
 11  .013159036720378  .000000000000000  .000000000000000  .013159036720378
 12  .013159036720378  .000000000000000  .000000000000000  .013159036720378
 13  .013159036720378  .000000000000000  .000000000000000  .013159036720378
 14  .013159036720378  .000000000000000  .000000000000000  .013159036720378
 15  .013159036720378  .000000000000000  .000000000000000  .013159036720378
 16  .013159036720378  .000000000000000  .000000000000000  .013159036720378
 17  .013159036720378  .000000000000000  .000000000000000  .013159036720378
 18  .013159036720378  .000000000000000  .000000000000000  .013159036720378
 19  .013159036720378  .000000000000000  .000000000000000  .013159036720378
&
# h = 9 (l = 8)
@ type xy
 0 -.004530479720855  .000000000000000  .000000000000000 -.004530479720855
 1 -.004530479720855  .000000000000000  .000000000000000 -.004530479720855
 2 -.004530479720855  .000000000000000  .000000000000000 -.004530479720855
 3 -.004530479720855  .000000000000000  .000000000000000 -.004530479720855
 4 -.004530479720855  .000000000000000  .000000000000000 -.004530479720855
 5 -.004530479720855  .000000000000000  .000000000000000 -.004530479720855
 6 -.004530479720855  .000000000000000  .000000000000000 -.004530479720855
 7 -.004530479720855  .000000000000000  .000000000000000 -.004530479720855
 8 -.004530479720855  .000000000000000  .000000000000000 -.004530479720855
 9 -.004530479720855  .000000000000000  .000000000000000 -.004530479720855
 10 -.004530479720855  .000000000000000  .000000000000000 -.004530479720855
 11 -.004530479720855  .000000000000000  .000000000000000 -.004530479720855
 12 -.004530479720855  .000000000000000  .000000000000000 -.004530479720855
 13 -.004530479720855  .000000000000000  .000000000000000 -.004530479720855
 14 -.004530479720855  .000000000000000  .000000000000000 -.004530479720855
 15 -.004530479720855  .000000000000000  .000000000000000 -.004530479720855
 16 -.004530479720855  .000000000000000  .000000000000000 -.004530479720855
 17 -.004530479720855  .000000000000000  .000000000000000 -.004530479720855
 18 -.004530479720855  .000000000000000  .000000000000000 -.004530479720855
 19 -.004530479720855  .000000000000000  .000000000000000 -.004530479720855
&
# type = 1
# h = 0 (l = 0)
@ type xy
 0  262.284457449840  .000001330585689  259.657718488035  2.62673763122007
 1  262.284457416321  .000001397711351  259.657718387389  2.62673763122007
 2  262.284457379174  .000001468194444  259.657718279760  2.62673763122007
 3  262.284457344237  .000001542203597  259.657718170813  2.62673763122007
 4  262.284457300264  .000001619915890  259.657718049128  2.62673763122007
 5  262.284457264761  .000001701517279  259.657717932024  2.62673763122007
 6  262.284457215861  .000001787203040  259.657717797438  2.62673763122007
 7  262.284457172365  .000001877178235  259.657717663967  2.62673763122007
 8  262.284457123779  .000001971658209  259.657717520901  2.62673763122007
 9  262.284457073835  .000002070869098  259.657717371746  2.62673763122007
 10  262.284457019442  .000002175048375  259.657717213174  2.62673763122007
 11  262.284456966394  .000002284445419  259.657717050729  2.62673763122007
 12  262.284456903405  .000002399322109  259.657716872862  2.62673763122007
 13  262.284456847933  .000002519953452  259.657716696760  2.62673763122007
 14  262.284456778064  .000002646628243  259.657716500215  2.62673763122007
 15  262.284456712549  .000002779649755  259.657716301679  2.62673763122007
 16  262.284456640841  .000002919336465  259.657716090284  2.62673763122007
 17  262.284456566616  .000003066022819  259.657715869373  2.62673763122007
 18  262.284456486726  .000003220060027  259.657715635446  2.62673763122007
 19  262.284456406903  .000003381816911  259.657715393866  2.62673763122007
&
# h = 1 (l = 2)
@ type xy
 0 -.001394313063689  .000000000000000 -.000000000000016 -.001394313063673
 1 -.001394313063689  .000000000000000 -.000000000000016 -.001394313063673
 2 -.001394313063689  .000000000000000 -.000000000000016 -.001394313063673
 3 -.001394313063689  .000000000000000 -.000000000000016 -.001394313063673
 4 -.001394313063689  .000000000000000 -.000000000000016 -.001394313063673
 5 -.001394313063689  .000000000000000 -.000000000000016 -.001394313063673
 6 -.001394313063689  .000000000000000 -.000000000000016 -.001394313063673
 7 -.001394313063689  .000000000000000 -.000000000000016 -.001394313063673
 8 -.001394313063689  .000000000000000 -.000000000000016 -.001394313063673
 9 -.001394313063689  .000000000000000 -.000000000000016 -.001394313063673
 10 -.001394313063689  .000000000000000 -.000000000000016 -.001394313063673
 11 -.001394313063689  .000000000000000 -.000000000000016 -.001394313063673
 12 -.001394313063689  .000000000000000 -.000000000000016 -.001394313063673
 13 -.001394313063689  .000000000000000 -.000000000000016 -.001394313063673
 14 -.001394313063689  .000000000000000 -.000000000000016 -.001394313063673
 15 -.001394313063689  .000000000000000 -.000000000000016 -.001394313063673
 16 -.001394313063689  .000000000000000 -.000000000000016 -.001394313063673
 17 -.001394313063689  .000000000000000 -.000000000000016 -.001394313063673
 18 -.001394313063689  .000000000000000 -.000000000000016 -.001394313063673
 19 -.001394313063689  .000000000000000 -.000000000000016 -.001394313063673
&
# h = 2 (l = 4)
@ type xy
 0 -.028975863412584  .000000000000000  .000000000000000 -.028975863412584
 1 -.028975863412584  .000000000000000  .000000000000000 -.028975863412584
 2 -.028975863412584  .000000000000000  .000000000000000 -.028975863412584
 3 -.028975863412584  .000000000000000  .000000000000000 -.028975863412584
 4 -.028975863412584  .000000000000000  .000000000000000 -.028975863412584
 5 -.028975863412584  .000000000000000  .000000000000000 -.028975863412584
 6 -.028975863412584  .000000000000000  .000000000000000 -.028975863412584
 7 -.028975863412584  .000000000000000  .000000000000000 -.028975863412584
 8 -.028975863412584  .000000000000000  .000000000000000 -.028975863412584
 9 -.028975863412584  .000000000000000  .000000000000000 -.028975863412584
 10 -.028975863412584  .000000000000000  .000000000000000 -.028975863412584
 11 -.028975863412584  .000000000000000  .000000000000000 -.028975863412584
 12 -.028975863412584  .000000000000000  .000000000000000 -.028975863412584
 13 -.028975863412584  .000000000000000  .000000000000000 -.028975863412584
 14 -.028975863412584  .000000000000000  .000000000000000 -.028975863412584
 15 -.028975863412584  .000000000000000  .000000000000000 -.028975863412584
 16 -.028975863412584  .000000000000000  .000000000000000 -.028975863412584
 17 -.028975863412584  .000000000000000  .000000000000000 -.028975863412584
 18 -.028975863412584  .000000000000000  .000000000000000 -.028975863412584
 19 -.028975863412584  .000000000000000  .000000000000000 -.028975863412584
&
# h = 3 (l = 4)
@ type xy
 0  .017034148274611  .000000000000000  .000000000000000  .017034148274611
 1  .017034148274611  .000000000000000  .000000000000000  .017034148274611
 2  .017034148274611  .000000000000000  .000000000000000  .017034148274611
 3  .017034148274611  .000000000000000  .000000000000000  .017034148274611
 4  .017034148274611  .000000000000000  .000000000000000  .017034148274611
 5  .017034148274611  .000000000000000  .000000000000000  .017034148274611
 6  .017034148274611  .000000000000000  .000000000000000  .017034148274611
 7  .017034148274611  .000000000000000  .000000000000000  .017034148274611
 8  .017034148274611  .000000000000000  .000000000000000  .017034148274611
 9  .017034148274611  .000000000000000  .000000000000000  .017034148274611
 10  .017034148274611  .000000000000000  .000000000000000  .017034148274611
 11  .017034148274611  .000000000000000  .000000000000000  .017034148274611
 12  .017034148274611  .000000000000000  .000000000000000  .017034148274611
 13  .017034148274611  .000000000000000  .000000000000000  .017034148274611
 14  .017034148274611  .000000000000000  .000000000000000  .017034148274611
 15  .017034148274611  .000000000000000  .000000000000000  .017034148274611
 16  .017034148274611  .000000000000000  .000000000000000  .017034148274611
 17  .017034148274611  .000000000000000  .000000000000000  .017034148274611
 18  .017034148274611  .000000000000000  .000000000000000  .017034148274611
 19  .017034148274611  .000000000000000  .000000000000000  .017034148274611
&
# h = 4 (l = 6)
@ type xy
 0  .006566113845103  .000000000000000  .000000000000000  .006566113845103
 1  .006566113845103  .000000000000000  .000000000000000  .006566113845103
 2  .006566113845103  .000000000000000  .000000000000000  .006566113845103
 3  .006566113845103  .000000000000000  .000000000000000  .006566113845103
 4  .006566113845103  .000000000000000  .000000000000000  .006566113845103
 5  .006566113845103  .000000000000000  .000000000000000  .006566113845103
 6  .006566113845103  .000000000000000  .000000000000000  .006566113845103
 7  .006566113845103  .000000000000000  .000000000000000  .006566113845103
 8  .006566113845103  .000000000000000  .000000000000000  .006566113845103
 9  .006566113845103  .000000000000000  .000000000000000  .006566113845103
 10  .006566113845103  .000000000000000  .000000000000000  .006566113845103
 11  .006566113845103  .000000000000000  .000000000000000  .006566113845103
 12  .006566113845103  .000000000000000  .000000000000000  .006566113845103
 13  .006566113845103  .000000000000000  .000000000000000  .006566113845103
 14  .006566113845103  .000000000000000  .000000000000000  .006566113845103
 15  .006566113845103  .000000000000000  .000000000000000  .006566113845103
 16  .006566113845103  .000000000000000  .000000000000000  .006566113845103
 17  .006566113845103  .000000000000000  .000000000000000  .006566113845103
 18  .006566113845103  .000000000000000  .000000000000000  .006566113845103
 19  .006566113845103  .000000000000000  .000000000000000  .006566113845103
&
# h = 5 (l = 6)
@ type xy
 0 -.006222664805381  .000000000000000  .000000000000000 -.006222664805381
 1 -.006222664805381  .000000000000000  .000000000000000 -.006222664805381
 2 -.006222664805381  .000000000000000  .000000000000000 -.006222664805381
 3 -.006222664805381  .000000000000000  .000000000000000 -.006222664805381
 4 -.006222664805381  .000000000000000  .000000000000000 -.006222664805381
 5 -.006222664805381  .000000000000000  .000000000000000 -.006222664805381
 6 -.006222664805381  .000000000000000  .000000000000000 -.006222664805381
 7 -.006222664805381  .000000000000000  .000000000000000 -.006222664805381
 8 -.006222664805381  .000000000000000  .000000000000000 -.006222664805381
 9 -.006222664805381  .000000000000000  .000000000000000 -.006222664805381
 10 -.006222664805381  .000000000000000  .000000000000000 -.006222664805381
 11 -.006222664805381  .000000000000000  .000000000000000 -.006222664805381
 12 -.006222664805381  .000000000000000  .000000000000000 -.006222664805381
 13 -.006222664805381  .000000000000000  .000000000000000 -.006222664805381
 14 -.006222664805381  .000000000000000  .000000000000000 -.006222664805381
 15 -.006222664805381  .000000000000000  .000000000000000 -.006222664805381
 16 -.006222664805381  .000000000000000  .000000000000000 -.006222664805381
 17 -.006222664805381  .000000000000000  .000000000000000 -.006222664805381
 18 -.006222664805381  .000000000000000  .000000000000000 -.006222664805381
 19 -.006222664805381  .000000000000000  .000000000000000 -.006222664805381
&
# h = 6 (l = 6)
@ type xy
 0 -.007363821247179  .000000000000000  .000000000000000 -.007363821247179
 1 -.007363821247179  .000000000000000  .000000000000000 -.007363821247179
 2 -.007363821247179  .000000000000000  .000000000000000 -.007363821247179
 3 -.007363821247179  .000000000000000  .000000000000000 -.007363821247179
 4 -.007363821247179  .000000000000000  .000000000000000 -.007363821247179
 5 -.007363821247179  .000000000000000  .000000000000000 -.007363821247179
 6 -.007363821247179  .000000000000000  .000000000000000 -.007363821247179
 7 -.007363821247179  .000000000000000  .000000000000000 -.007363821247179
 8 -.007363821247179  .000000000000000  .000000000000000 -.007363821247179
 9 -.007363821247179  .000000000000000  .000000000000000 -.007363821247179
 10 -.007363821247179  .000000000000000  .000000000000000 -.007363821247179
 11 -.007363821247179  .000000000000000  .000000000000000 -.007363821247179
 12 -.007363821247179  .000000000000000  .000000000000000 -.007363821247179
 13 -.007363821247179  .000000000000000  .000000000000000 -.007363821247179
 14 -.007363821247179  .000000000000000  .000000000000000 -.007363821247179
 15 -.007363821247179  .000000000000000  .000000000000000 -.007363821247179
 16 -.007363821247179  .000000000000000  .000000000000000 -.007363821247179
 17 -.007363821247179  .000000000000000  .000000000000000 -.007363821247179
 18 -.007363821247179  .000000000000000  .000000000000000 -.007363821247179
 19 -.007363821247179  .000000000000000  .000000000000000 -.007363821247179
&
# h = 7 (l = 8)
@ type xy
 0  .015995019586848  .000000000000000  .000000000000000  .015995019586848
 1  .015995019586848  .000000000000000  .000000000000000  .015995019586848
 2  .015995019586848  .000000000000000  .000000000000000  .015995019586848
 3  .015995019586848  .000000000000000  .000000000000000  .015995019586848
 4  .015995019586848  .000000000000000  .000000000000000  .015995019586848
 5  .015995019586848  .000000000000000  .000000000000000  .015995019586848
 6  .015995019586848  .000000000000000  .000000000000000  .015995019586848
 7  .015995019586848  .000000000000000  .000000000000000  .015995019586848
 8  .015995019586848  .000000000000000  .000000000000000  .015995019586848
 9  .015995019586848  .000000000000000  .000000000000000  .015995019586848
 10  .015995019586848  .000000000000000  .000000000000000  .015995019586848
 11  .015995019586848  .000000000000000  .000000000000000  .015995019586848
 12  .015995019586848  .000000000000000  .000000000000000  .015995019586848
 13  .015995019586848  .000000000000000  .000000000000000  .015995019586848
 14  .015995019586848  .000000000000000  .000000000000000  .015995019586848
 15  .015995019586848  .000000000000000  .000000000000000  .015995019586848
 16  .015995019586848  .000000000000000  .000000000000000  .015995019586848
 17  .015995019586848  .000000000000000  .000000000000000  .015995019586848
 18  .015995019586848  .000000000000000  .000000000000000  .015995019586848
 19  .015995019586848  .000000000000000  .000000000000000  .015995019586848
&
# h = 8 (l = 8)
@ type xy
 0  .013159036720378  .000000000000000  .000000000000000  .013159036720378
 1  .013159036720378  .000000000000000  .000000000000000  .013159036720378
 2  .013159036720378  .000000000000000  .000000000000000  .013159036720378
 3  .013159036720378  .000000000000000  .000000000000000  .013159036720378
 4  .013159036720378  .000000000000000  .000000000000000  .013159036720378
 5  .013159036720378  .000000000000000  .000000000000000  .013159036720378
 6  .013159036720378  .000000000000000  .000000000000000  .013159036720378
 7  .013159036720378  .000000000000000  .000000000000000  .013159036720378
 8  .013159036720378  .000000000000000  .000000000000000  .013159036720378
 9  .013159036720378  .000000000000000  .000000000000000  .013159036720378
 10  .013159036720378  .000000000000000  .000000000000000  .013159036720378
 11  .013159036720378  .000000000000000  .000000000000000  .013159036720378
 12  .013159036720378  .000000000000000  .000000000000000  .013159036720378
 13  .013159036720378  .000000000000000  .000000000000000  .013159036720378
 14  .013159036720378  .000000000000000  .000000000000000  .013159036720378
 15  .013159036720378  .000000000000000  .000000000000000  .013159036720378
 16  .013159036720378  .000000000000000  .000000000000000  .013159036720378
 17  .013159036720378  .000000000000000  .000000000000000  .013159036720378
 18  .013159036720378  .000000000000000  .000000000000000  .013159036720378
 19  .013159036720378  .000000000000000  .000000000000000  .013159036720378
&
# h = 9 (l = 8)
@ type xy
 0 -.004530479720855  .000000000000000  .000000000000000 -.004530479720855
 1 -.004530479720855  .000000000000000  .000000000000000 -.004530479720855
 2 -.004530479720855  .000000000000000  .000000000000000 -.004530479720855
 3 -.004530479720855  .000000000000000  .000000000000000 -.004530479720855
 4 -.004530479720855  .000000000000000  .000000000000000 -.004530479720855
 5 -.004530479720855  .000000000000000  .000000000000000 -.004530479720855
 6 -.004530479720855  .000000000000000  .000000000000000 -.004530479720855
 7 -.004530479720855  .000000000000000  .000000000000000 -.004530479720855
 8 -.004530479720855  .000000000000000  .000000000000000 -.004530479720855
 9 -.004530479720855  .000000000000000  .000000000000000 -.004530479720855
 10 -.004530479720855  .000000000000000  .000000000000000 -.004530479720855
 11 -.004530479720855  .000000000000000  .000000000000000 -.004530479720855
 12 -.004530479720855  .000000000000000  .000000000000000 -.004530479720855
 13 -.004530479720855  .000000000000000  .000000000000000 -.004530479720855
 14 -.004530479720855  .000000000000000  .000000000000000 -.004530479720855
 15 -.004530479720855  .000000000000000  .000000000000000 -.004530479720855
 16 -.004530479720855  .000000000000000  .000000000000000 -.004530479720855
 17 -.004530479720855  .000000000000000  .000000000000000 -.004530479720855
 18 -.004530479720855  .000000000000000  .000000000000000 -.004530479720855
 19 -.004530479720855  .000000000000000  .000000000000000 -.004530479720855
&
# type = 2
# h = 0 (l = 0)
@ type xy
 0  45.9738931365324  .000000335107422  44.4002759825508  1.57361681887420
 1  45.9738931279440  .000000352265585  44.4002759568042  1.57361681887420
 2  45.9738931189135  .000000370301635  44.4002759297377  1.57361681887420
 3  45.9738931094226  .000000389260500  44.4002759012879  1.57361681887420
 4  45.9738930994435  .000000409189410  44.4002758713799  1.57361681887420
 5  45.9738930889618  .000000430138009  44.4002758399496  1.57361681887420
 6  45.9738930778996  .000000452158481  44.4002758068669  1.57361681887420
 7  45.9738930663387  .000000475305681  44.4002757721589  1.57361681887420
 8  45.9738930541497  .000000499637270  44.4002757356382  1.57361681887420
 9  45.9738930413437  .000000525213860  44.4002756972557  1.57361681887420
 10  45.9738930278798  .000000552099164  44.4002756569064  1.57361681887420
 11  45.9738930137287  .000000580360154  44.4002756144943  1.57361681887420
 12  45.9738929988509  .000000610067230  44.4002755699094  1.57361681887420
 13  45.9738929832198  .000000641294393  44.4002755230512  1.57361681887420
 14  45.9738929667447  .000000674119431  44.4002754737511  1.57361681887420
 15  45.9738929494941  .000000708624110  44.4002754219958  1.57361681887420
 16  45.9738929313241  .000000744894382  44.4002753675555  1.57361681887420
 17  45.9738929122311  .000000783020595  44.4002753103363  1.57361681887420
 18  45.9738928921585  .000000823097720  44.4002752501866  1.57361681887420
 19  45.9738928710605  .000000865225587  44.4002751869607  1.57361681887420
&
# h = 1 (l = 1)
@ type xy
 0  .000000000000028  .000000000000000  .000000000000000  .000000000000028
 1  .000000000000028  .000000000000000  .000000000000000  .000000000000028
 2  .000000000000028  .000000000000000  .000000000000000  .000000000000028
 3  .000000000000028  .000000000000000  .000000000000000  .000000000000028
 4  .000000000000028  .000000000000000  .000000000000000  .000000000000028
 5  .000000000000028  .000000000000000  .000000000000000  .000000000000028
 6  .000000000000028  .000000000000000  .000000000000000  .000000000000028
 7  .000000000000028  .000000000000000  .000000000000000  .000000000000028
 8  .000000000000028  .000000000000000  .000000000000000  .000000000000028
 9  .000000000000028  .000000000000000  .000000000000000  .000000000000028
 10  .000000000000028  .000000000000000  .000000000000000  .000000000000028
 11  .000000000000028  .000000000000000  .000000000000000  .000000000000028
 12  .000000000000028  .000000000000000  .000000000000000  .000000000000028
 13  .000000000000028  .000000000000000  .000000000000000  .000000000000028
 14  .000000000000028  .000000000000000  .000000000000000  .000000000000028
 15  .000000000000028  .000000000000000  .000000000000000  .000000000000028
 16  .000000000000028  .000000000000000  .000000000000000  .000000000000028
 17  .000000000000028  .000000000000000  .000000000000000  .000000000000028
 18  .000000000000028  .000000000000000  .000000000000000  .000000000000028
 19  .000000000000028  .000000000000000  .000000000000000  .000000000000028
&
# h = 2 (l = 2)
@ type xy
 0  .000070326998206  .000000000000000  .000000000002695  .000070326995511
 1  .000070326998206  .000000000000000  .000000000002695  .000070326995511
 2  .000070326998206  .000000000000000  .000000000002695  .000070326995511
 3  .000070326998206  .000000000000000  .000000000002695  .000070326995511
 4  .000070326998206  .000000000000000  .000000000002695  .000070326995511
 5  .000070326998206  .000000000000000  .000000000002695  .000070326995511
 6  .000070326998206  .000000000000000  .000000000002695  .000070326995511
 7  .000070326998206  .000000000000000  .000000000002695  .000070326995511
 8  .000070326998206  .000000000000000  .000000000002695  .000070326995511
 9  .000070326998206  .000000000000000  .000000000002695  .000070326995511
 10  .000070326998206  .000000000000000  .000000000002695  .000070326995511
 11  .000070326998206  .000000000000000  .000000000002695  .000070326995511
 12  .000070326998206  .000000000000000  .000000000002695  .000070326995511
 13  .000070326998206  .000000000000000  .000000000002695  .000070326995511
 14  .000070326998206  .000000000000000  .000000000002695  .000070326995511
 15  .000070326998206  .000000000000000  .000000000002695  .000070326995511
 16  .000070326998206  .000000000000000  .000000000002695  .000070326995511
 17  .000070326998206  .000000000000000  .000000000002695  .000070326995511
 18  .000070326998206  .000000000000000  .000000000002695  .000070326995511
 19  .000070326998206  .000000000000000  .000000000002695  .000070326995511
&
# h = 3 (l = 3)
@ type xy
 0  .000000000000013  .000000000000000  .000000000000000  .000000000000013
 1  .000000000000013  .000000000000000  .000000000000000  .000000000000013
 2  .000000000000013  .000000000000000  .000000000000000  .000000000000013
 3  .000000000000013  .000000000000000  .000000000000000  .000000000000013
 4  .000000000000013  .000000000000000  .000000000000000  .000000000000013
 5  .000000000000013  .000000000000000  .000000000000000  .000000000000013
 6  .000000000000013  .000000000000000  .000000000000000  .000000000000013
 7  .000000000000013  .000000000000000  .000000000000000  .000000000000013
 8  .000000000000013  .000000000000000  .000000000000000  .000000000000013
 9  .000000000000013  .000000000000000  .000000000000000  .000000000000013
 10  .000000000000013  .000000000000000  .000000000000000  .000000000000013
 11  .000000000000013  .000000000000000  .000000000000000  .000000000000013
 12  .000000000000013  .000000000000000  .000000000000000  .000000000000013
 13  .000000000000013  .000000000000000  .000000000000000  .000000000000013
 14  .000000000000013  .000000000000000  .000000000000000  .000000000000013
 15  .000000000000013  .000000000000000  .000000000000000  .000000000000013
 16  .000000000000013  .000000000000000  .000000000000000  .000000000000013
 17  .000000000000013  .000000000000000  .000000000000000  .000000000000013
 18  .000000000000013  .000000000000000  .000000000000000  .000000000000013
 19  .000000000000013  .000000000000000  .000000000000000  .000000000000013
&
# h = 4 (l = 3)
@ type xy
 0 -.000000000000012  .000000000000000  .000000000000000 -.000000000000012
 1 -.000000000000012  .000000000000000  .000000000000000 -.000000000000012
 2 -.000000000000012  .000000000000000  .000000000000000 -.000000000000012
 3 -.000000000000012  .000000000000000  .000000000000000 -.000000000000012
 4 -.000000000000012  .000000000000000  .000000000000000 -.000000000000012
 5 -.000000000000012  .000000000000000  .000000000000000 -.000000000000012
 6 -.000000000000012  .000000000000000  .000000000000000 -.000000000000012
 7 -.000000000000012  .000000000000000  .000000000000000 -.000000000000012
 8 -.000000000000012  .000000000000000  .000000000000000 -.000000000000012
 9 -.000000000000012  .000000000000000  .000000000000000 -.000000000000012
 10 -.000000000000012  .000000000000000  .000000000000000 -.000000000000012
 11 -.000000000000012  .000000000000000  .000000000000000 -.000000000000012
 12 -.000000000000012  .000000000000000  .000000000000000 -.000000000000012
 13 -.000000000000012  .000000000000000  .000000000000000 -.000000000000012
 14 -.000000000000012  .000000000000000  .000000000000000 -.000000000000012
 15 -.000000000000012  .000000000000000  .000000000000000 -.000000000000012
 16 -.000000000000012  .000000000000000  .000000000000000 -.000000000000012
 17 -.000000000000012  .000000000000000  .000000000000000 -.000000000000012
 18 -.000000000000012  .000000000000000  .000000000000000 -.000000000000012
 19 -.000000000000012  .000000000000000  .000000000000000 -.000000000000012
&
# h = 5 (l = 4)
@ type xy
 0 -.172182419540974  .000000000000000  .000000000000000 -.172182419540974
 1 -.172182419540974  .000000000000000  .000000000000000 -.172182419540974
 2 -.172182419540974  .000000000000000  .000000000000000 -.172182419540974
 3 -.172182419540974  .000000000000000  .000000000000000 -.172182419540974
 4 -.172182419540974  .000000000000000  .000000000000000 -.172182419540974
 5 -.172182419540974  .000000000000000  .000000000000000 -.172182419540974
 6 -.172182419540974  .000000000000000  .000000000000000 -.172182419540974
 7 -.172182419540974  .000000000000000  .000000000000000 -.172182419540974
 8 -.172182419540974  .000000000000000  .000000000000000 -.172182419540974
 9 -.172182419540974  .000000000000000  .000000000000000 -.172182419540974
 10 -.172182419540974  .000000000000000  .000000000000000 -.172182419540974
 11 -.172182419540974  .000000000000000  .000000000000000 -.172182419540974
 12 -.172182419540974  .000000000000000  .000000000000000 -.172182419540974
 13 -.172182419540974  .000000000000000  .000000000000000 -.172182419540974
 14 -.172182419540974  .000000000000000  .000000000000000 -.172182419540974
 15 -.172182419540974  .000000000000000  .000000000000000 -.172182419540974
 16 -.172182419540974  .000000000000000  .000000000000000 -.172182419540974
 17 -.172182419540974  .000000000000000  .000000000000000 -.172182419540974
 18 -.172182419540974  .000000000000000  .000000000000000 -.172182419540974
 19 -.172182419540974  .000000000000000  .000000000000000 -.172182419540974
&
# h = 6 (l = 4)
@ type xy
 0  .101560482994650  .000000000000000  .000000000000000  .101560482994650
 1  .101560482994650  .000000000000000  .000000000000000  .101560482994650
 2  .101560482994650  .000000000000000  .000000000000000  .101560482994650
 3  .101560482994650  .000000000000000  .000000000000000  .101560482994650
 4  .101560482994650  .000000000000000  .000000000000000  .101560482994650
 5  .101560482994650  .000000000000000  .000000000000000  .101560482994650
 6  .101560482994650  .000000000000000  .000000000000000  .101560482994650
 7  .101560482994650  .000000000000000  .000000000000000  .101560482994650
 8  .101560482994650  .000000000000000  .000000000000000  .101560482994650
 9  .101560482994650  .000000000000000  .000000000000000  .101560482994650
 10  .101560482994650  .000000000000000  .000000000000000  .101560482994650
 11  .101560482994650  .000000000000000  .000000000000000  .101560482994650
 12  .101560482994650  .000000000000000  .000000000000000  .101560482994650
 13  .101560482994650  .000000000000000  .000000000000000  .101560482994650
 14  .101560482994650  .000000000000000  .000000000000000  .101560482994650
 15  .101560482994650  .000000000000000  .000000000000000  .101560482994650
 16  .101560482994650  .000000000000000  .000000000000000  .101560482994650
 17  .101560482994650  .000000000000000  .000000000000000  .101560482994650
 18  .101560482994650  .000000000000000  .000000000000000  .101560482994650
 19  .101560482994650  .000000000000000  .000000000000000  .101560482994650
&
# h = 7 (l = 5)
@ type xy
 0  .000000000000006  .000000000000000  .000000000000000  .000000000000006
 1  .000000000000006  .000000000000000  .000000000000000  .000000000000006
 2  .000000000000006  .000000000000000  .000000000000000  .000000000000006
 3  .000000000000006  .000000000000000  .000000000000000  .000000000000006
 4  .000000000000006  .000000000000000  .000000000000000  .000000000000006
 5  .000000000000006  .000000000000000  .000000000000000  .000000000000006
 6  .000000000000006  .000000000000000  .000000000000000  .000000000000006
 7  .000000000000006  .000000000000000  .000000000000000  .000000000000006
 8  .000000000000006  .000000000000000  .000000000000000  .000000000000006
 9  .000000000000006  .000000000000000  .000000000000000  .000000000000006
 10  .000000000000006  .000000000000000  .000000000000000  .000000000000006
 11  .000000000000006  .000000000000000  .000000000000000  .000000000000006
 12  .000000000000006  .000000000000000  .000000000000000  .000000000000006
 13  .000000000000006  .000000000000000  .000000000000000  .000000000000006
 14  .000000000000006  .000000000000000  .000000000000000  .000000000000006
 15  .000000000000006  .000000000000000  .000000000000000  .000000000000006
 16  .000000000000006  .000000000000000  .000000000000000  .000000000000006
 17  .000000000000006  .000000000000000  .000000000000000  .000000000000006
 18  .000000000000006  .000000000000000  .000000000000000  .000000000000006
 19  .000000000000006  .000000000000000  .000000000000000  .000000000000006
&
# h = 8 (l = 5)
@ type xy
 0  .000000000000002  .000000000000000  .000000000000000  .000000000000002
 1  .000000000000002  .000000000000000  .000000000000000  .000000000000002
 2  .000000000000002  .000000000000000  .000000000000000  .000000000000002
 3  .000000000000002  .000000000000000  .000000000000000  .000000000000002
 4  .000000000000002  .000000000000000  .000000000000000  .000000000000002
 5  .000000000000002  .000000000000000  .000000000000000  .000000000000002
 6  .000000000000002  .000000000000000  .000000000000000  .000000000000002
 7  .000000000000002  .000000000000000  .000000000000000  .000000000000002
 8  .000000000000002  .000000000000000  .000000000000000  .000000000000002
 9  .000000000000002  .000000000000000  .000000000000000  .000000000000002
 10  .000000000000002  .000000000000000  .000000000000000  .000000000000002
 11  .000000000000002  .000000000000000  .000000000000000  .000000000000002
 12  .000000000000002  .000000000000000  .000000000000000  .000000000000002
 13  .000000000000002  .000000000000000  .000000000000000  .000000000000002
 14  .000000000000002  .000000000000000  .000000000000000  .000000000000002
 15  .000000000000002  .000000000000000  .000000000000000  .000000000000002
 16  .000000000000002  .000000000000000  .000000000000000  .000000000000002
 17  .000000000000002  .000000000000000  .000000000000000  .000000000000002
 18  .000000000000002  .000000000000000  .000000000000000  .000000000000002
 19  .000000000000002  .000000000000000  .000000000000000  .000000000000002
&
# h = 9 (l = 6)
@ type xy
 0  .015242042584259  .000000000000000  .000000000000000  .015242042584259
 1  .015242042584259  .000000000000000  .000000000000000  .015242042584259
 2  .015242042584259  .000000000000000  .000000000000000  .015242042584259
 3  .015242042584259  .000000000000000  .000000000000000  .015242042584259
 4  .015242042584259  .000000000000000  .000000000000000  .015242042584259
 5  .015242042584259  .000000000000000  .000000000000000  .015242042584259
 6  .015242042584259  .000000000000000  .000000000000000  .015242042584259
 7  .015242042584259  .000000000000000  .000000000000000  .015242042584259
 8  .015242042584259  .000000000000000  .000000000000000  .015242042584259
 9  .015242042584259  .000000000000000  .000000000000000  .015242042584259
 10  .015242042584259  .000000000000000  .000000000000000  .015242042584259
 11  .015242042584259  .000000000000000  .000000000000000  .015242042584259
 12  .015242042584259  .000000000000000  .000000000000000  .015242042584259
 13  .015242042584259  .000000000000000  .000000000000000  .015242042584259
 14  .015242042584259  .000000000000000  .000000000000000  .015242042584259
 15  .015242042584259  .000000000000000  .000000000000000  .015242042584259
 16  .015242042584259  .000000000000000  .000000000000000  .015242042584259
 17  .015242042584259  .000000000000000  .000000000000000  .015242042584259
 18  .015242042584259  .000000000000000  .000000000000000  .015242042584259
 19  .015242042584259  .000000000000000  .000000000000000  .015242042584259
&
# h = 10 (l = 6)
@ type xy
 0 -.014370581367886  .000000000000000  .000000000000000 -.014370581367886
 1 -.014370581367886  .000000000000000  .000000000000000 -.014370581367886
 2 -.014370581367886  .000000000000000  .000000000000000 -.014370581367886
 3 -.014370581367886  .000000000000000  .000000000000000 -.014370581367886
 4 -.014370581367886  .000000000000000  .000000000000000 -.014370581367886
 5 -.014370581367886  .000000000000000  .000000000000000 -.014370581367886
 6 -.014370581367886  .000000000000000  .000000000000000 -.014370581367886
 7 -.014370581367886  .000000000000000  .000000000000000 -.014370581367886
 8 -.014370581367886  .000000000000000  .000000000000000 -.014370581367886
 9 -.014370581367886  .000000000000000  .000000000000000 -.014370581367886
 10 -.014370581367886  .000000000000000  .000000000000000 -.014370581367886
 11 -.014370581367886  .000000000000000  .000000000000000 -.014370581367886
 12 -.014370581367886  .000000000000000  .000000000000000 -.014370581367886
 13 -.014370581367886  .000000000000000  .000000000000000 -.014370581367886
 14 -.014370581367886  .000000000000000  .000000000000000 -.014370581367886
 15 -.014370581367886  .000000000000000  .000000000000000 -.014370581367886
 16 -.014370581367886  .000000000000000  .000000000000000 -.014370581367886
 17 -.014370581367886  .000000000000000  .000000000000000 -.014370581367886
 18 -.014370581367886  .000000000000000  .000000000000000 -.014370581367886
 19 -.014370581367886  .000000000000000  .000000000000000 -.014370581367886
&
# h = 11 (l = 6)
@ type xy
 0 -.017006319182577  .000000000000000  .000000000000000 -.017006319182577
 1 -.017006319182577  .000000000000000  .000000000000000 -.017006319182577
 2 -.017006319182577  .000000000000000  .000000000000000 -.017006319182577
 3 -.017006319182577  .000000000000000  .000000000000000 -.017006319182577
 4 -.017006319182577  .000000000000000  .000000000000000 -.017006319182577
 5 -.017006319182577  .000000000000000  .000000000000000 -.017006319182577
 6 -.017006319182577  .000000000000000  .000000000000000 -.017006319182577
 7 -.017006319182577  .000000000000000  .000000000000000 -.017006319182577
 8 -.017006319182577  .000000000000000  .000000000000000 -.017006319182577
 9 -.017006319182577  .000000000000000  .000000000000000 -.017006319182577
 10 -.017006319182577  .000000000000000  .000000000000000 -.017006319182577
 11 -.017006319182577  .000000000000000  .000000000000000 -.017006319182577
 12 -.017006319182577  .000000000000000  .000000000000000 -.017006319182577
 13 -.017006319182577  .000000000000000  .000000000000000 -.017006319182577
 14 -.017006319182577  .000000000000000  .000000000000000 -.017006319182577
 15 -.017006319182577  .000000000000000  .000000000000000 -.017006319182577
 16 -.017006319182577  .000000000000000  .000000000000000 -.017006319182577
 17 -.017006319182577  .000000000000000  .000000000000000 -.017006319182577
 18 -.017006319182577  .000000000000000  .000000000000000 -.017006319182577
 19 -.017006319182577  .000000000000000  .000000000000000 -.017006319182577
&
# h = 12 (l = 7)
@ type xy
 0  .000000000000000  .000000000000000  .000000000000000  .000000000000000
 1  .000000000000000  .000000000000000  .000000000000000  .000000000000000
 2  .000000000000000  .000000000000000  .000000000000000  .000000000000000
 3  .000000000000000  .000000000000000  .000000000000000  .000000000000000
 4  .000000000000000  .000000000000000  .000000000000000  .000000000000000
 5  .000000000000000  .000000000000000  .000000000000000  .000000000000000
 6  .000000000000000  .000000000000000  .000000000000000  .000000000000000
 7  .000000000000000  .000000000000000  .000000000000000  .000000000000000
 8  .000000000000000  .000000000000000  .000000000000000  .000000000000000
 9  .000000000000000  .000000000000000  .000000000000000  .000000000000000
 10  .000000000000000  .000000000000000  .000000000000000  .000000000000000
 11  .000000000000000  .000000000000000  .000000000000000  .000000000000000
 12  .000000000000000  .000000000000000  .000000000000000  .000000000000000
 13  .000000000000000  .000000000000000  .000000000000000  .000000000000000
 14  .000000000000000  .000000000000000  .000000000000000  .000000000000000
 15  .000000000000000  .000000000000000  .000000000000000  .000000000000000
 16  .000000000000000  .000000000000000  .000000000000000  .000000000000000
 17  .000000000000000  .000000000000000  .000000000000000  .000000000000000
 18  .000000000000000  .000000000000000  .000000000000000  .000000000000000
 19  .000000000000000  .000000000000000  .000000000000000  .000000000000000
&
# h = 13 (l = 7)
@ type xy
 0 -.000000000000001  .000000000000000  .000000000000000 -.000000000000001
 1 -.000000000000001  .000000000000000  .000000000000000 -.000000000000001
 2 -.000000000000001  .000000000000000  .000000000000000 -.000000000000001
 3 -.000000000000001  .000000000000000  .000000000000000 -.000000000000001
 4 -.000000000000001  .000000000000000  .000000000000000 -.000000000000001
 5 -.000000000000001  .000000000000000  .000000000000000 -.000000000000001
 6 -.000000000000001  .000000000000000  .000000000000000 -.000000000000001
 7 -.000000000000001  .000000000000000  .000000000000000 -.000000000000001
 8 -.000000000000001  .000000000000000  .000000000000000 -.000000000000001
 9 -.000000000000001  .000000000000000  .000000000000000 -.000000000000001
 10 -.000000000000001  .000000000000000  .000000000000000 -.000000000000001
 11 -.000000000000001  .000000000000000  .000000000000000 -.000000000000001
 12 -.000000000000001  .000000000000000  .000000000000000 -.000000000000001
 13 -.000000000000001  .000000000000000  .000000000000000 -.000000000000001
 14 -.000000000000001  .000000000000000  .000000000000000 -.000000000000001
 15 -.000000000000001  .000000000000000  .000000000000000 -.000000000000001
 16 -.000000000000001  .000000000000000  .000000000000000 -.000000000000001
 17 -.000000000000001  .000000000000000  .000000000000000 -.000000000000001
 18 -.000000000000001  .000000000000000  .000000000000000 -.000000000000001
 19 -.000000000000001  .000000000000000  .000000000000000 -.000000000000001
&
# h = 14 (l = 7)
@ type xy
 0 -.000000000000001  .000000000000000  .000000000000000 -.000000000000001
 1 -.000000000000001  .000000000000000  .000000000000000 -.000000000000001
 2 -.000000000000001  .000000000000000  .000000000000000 -.000000000000001
 3 -.000000000000001  .000000000000000  .000000000000000 -.000000000000001
 4 -.000000000000001  .000000000000000  .000000000000000 -.000000000000001
 5 -.000000000000001  .000000000000000  .000000000000000 -.000000000000001
 6 -.000000000000001  .000000000000000  .000000000000000 -.000000000000001
 7 -.000000000000001  .000000000000000  .000000000000000 -.000000000000001
 8 -.000000000000001  .000000000000000  .000000000000000 -.000000000000001
 9 -.000000000000001  .000000000000000  .000000000000000 -.000000000000001
 10 -.000000000000001  .000000000000000  .000000000000000 -.000000000000001
 11 -.000000000000001  .000000000000000  .000000000000000 -.000000000000001
 12 -.000000000000001  .000000000000000  .000000000000000 -.000000000000001
 13 -.000000000000001  .000000000000000  .000000000000000 -.000000000000001
 14 -.000000000000001  .000000000000000  .000000000000000 -.000000000000001
 15 -.000000000000001  .000000000000000  .000000000000000 -.000000000000001
 16 -.000000000000001  .000000000000000  .000000000000000 -.000000000000001
 17 -.000000000000001  .000000000000000  .000000000000000 -.000000000000001
 18 -.000000000000001  .000000000000000  .000000000000000 -.000000000000001
 19 -.000000000000001  .000000000000000  .000000000000000 -.000000000000001
&
# h = 15 (l = 8)
@ type xy
 0  .010219071836075  .000000000000000  .000000000000000  .010219071836075
 1  .010219071836075  .000000000000000  .000000000000000  .010219071836075
 2  .010219071836075  .000000000000000  .000000000000000  .010219071836075
 3  .010219071836075  .000000000000000  .000000000000000  .010219071836075
 4  .010219071836075  .000000000000000  .000000000000000  .010219071836075
 5  .010219071836075  .000000000000000  .000000000000000  .010219071836075
 6  .010219071836075  .000000000000000  .000000000000000  .010219071836075
 7  .010219071836075  .000000000000000  .000000000000000  .010219071836075
 8  .010219071836075  .000000000000000  .000000000000000  .010219071836075
 9  .010219071836075  .000000000000000  .000000000000000  .010219071836075
 10  .010219071836075  .000000000000000  .000000000000000  .010219071836075
 11  .010219071836075  .000000000000000  .000000000000000  .010219071836075
 12  .010219071836075  .000000000000000  .000000000000000  .010219071836075
 13  .010219071836075  .000000000000000  .000000000000000  .010219071836075
 14  .010219071836075  .000000000000000  .000000000000000  .010219071836075
 15  .010219071836075  .000000000000000  .000000000000000  .010219071836075
 16  .010219071836075  .000000000000000  .000000000000000  .010219071836075
 17  .010219071836075  .000000000000000  .000000000000000  .010219071836075
 18  .010219071836075  .000000000000000  .000000000000000  .010219071836075
 19  .010219071836075  .000000000000000  .000000000000000  .010219071836075
&
# h = 16 (l = 8)
@ type xy
 0  .008327012744930  .000000000000000  .000000000000000  .008327012744930
 1  .008327012744930  .000000000000000  .000000000000000  .008327012744930
 2  .008327012744930  .000000000000000  .000000000000000  .008327012744930
 3  .008327012744930  .000000000000000  .000000000000000  .008327012744930
 4  .008327012744930  .000000000000000  .000000000000000  .008327012744930
 5  .008327012744930  .000000000000000  .000000000000000  .008327012744930
 6  .008327012744930  .000000000000000  .000000000000000  .008327012744930
 7  .008327012744930  .000000000000000  .000000000000000  .008327012744930
 8  .008327012744930  .000000000000000  .000000000000000  .008327012744930
 9  .008327012744930  .000000000000000  .000000000000000  .008327012744930
 10  .008327012744930  .000000000000000  .000000000000000  .008327012744930
 11  .008327012744930  .000000000000000  .000000000000000  .008327012744930
 12  .008327012744930  .000000000000000  .000000000000000  .008327012744930
 13  .008327012744930  .000000000000000  .000000000000000  .008327012744930
 14  .008327012744930  .000000000000000  .000000000000000  .008327012744930
 15  .008327012744930  .000000000000000  .000000000000000  .008327012744930
 16  .008327012744930  .000000000000000  .000000000000000  .008327012744930
 17  .008327012744930  .000000000000000  .000000000000000  .008327012744930
 18  .008327012744930  .000000000000000  .000000000000000  .008327012744930
 19  .008327012744930  .000000000000000  .000000000000000  .008327012744930
&
# h = 17 (l = 8)
@ type xy
 0 -.002797556771677  .000000000000000  .000000000000000 -.002797556771677
 1 -.002797556771677  .000000000000000  .000000000000000 -.002797556771677
 2 -.002797556771677  .000000000000000  .000000000000000 -.002797556771677
 3 -.002797556771677  .000000000000000  .000000000000000 -.002797556771677
 4 -.002797556771677  .000000000000000  .000000000000000 -.002797556771677
 5 -.002797556771677  .000000000000000  .000000000000000 -.002797556771677
 6 -.002797556771677  .000000000000000  .000000000000000 -.002797556771677
 7 -.002797556771677  .000000000000000  .000000000000000 -.002797556771677
 8 -.002797556771677  .000000000000000  .000000000000000 -.002797556771677
 9 -.002797556771677  .000000000000000  .000000000000000 -.002797556771677
 10 -.002797556771677  .000000000000000  .000000000000000 -.002797556771677
 11 -.002797556771677  .000000000000000  .000000000000000 -.002797556771677
 12 -.002797556771677  .000000000000000  .000000000000000 -.002797556771677
 13 -.002797556771677  .000000000000000  .000000000000000 -.002797556771677
 14 -.002797556771677  .000000000000000  .000000000000000 -.002797556771677
 15 -.002797556771677  .000000000000000  .000000000000000 -.002797556771677
 16 -.002797556771677  .000000000000000  .000000000000000 -.002797556771677
 17 -.002797556771677  .000000000000000  .000000000000000 -.002797556771677
 18 -.002797556771677  .000000000000000  .000000000000000 -.002797556771677
 19 -.002797556771677  .000000000000000  .000000000000000 -.002797556771677
&
