  Type    Harmonic   (l)             Total
     1
                 0     0  262.284457449841
                 1     2 -.001394313063682
                 2     4 -.028975863412583
                 3     4  .017034148274617
                 4     6  .006566113845104
                 5     6 -.006222664805382
                 6     6 -.007363821247177
                 7     8  .015995019586849
                 8     8  .013159036720378
                 9     8 -.004530479720855
     2
                 0     0  262.284457449840
                 1     2 -.001394313063689
                 2     4 -.028975863412584
                 3     4  .017034148274611
                 4     6  .006566113845103
                 5     6 -.006222664805381
                 6     6 -.007363821247179
                 7     8  .015995019586848
                 8     8  .013159036720378
                 9     8 -.004530479720855
     3
                 0     0  45.9738931365324
                 1     1  .000000000000028
                 2     2  .000070326998206
                 3     3  .000000000000013
                 4     3 -.000000000000012
                 5     4 -.172182419540974
                 6     4  .101560482994650
                 7     5  .000000000000006
                 8     5  .000000000000002
                 9     6  .015242042584259
                10     6 -.014370581367886
                11     6 -.017006319182577
                12     7  .000000000000000
                13     7 -.000000000000001
                14     7 -.000000000000001
                15     8  .010219071836075
                16     8  .008327012744930
                17     8 -.002797556771677
