 energy and charge average matrices
  type  L (e_i|H|e_j)        (e_i|e_j) 
     0  0  .015061737        .101874369
     0  1  .014735306        .102333990
     0  2  2.01949782        3.90406747
     0  3  .002298464        .009978237
     0  4  .000211314        .001847358
     0  5  .000065152        .000435045
     0  6  .000013542        .000106194
     0  7  .000005713        .000025786
     0  8  .000000749        .000005652
     1  0  .015061737        .101874369
     1  1  .014735306        .102333990
     1  2  2.01949782        3.90406747
     1  3  .002298464        .009978237
     1  4  .000211314        .001847358
     1  5  .000065152        .000435045
     1  6  .000013542        .000106194
     1  7  .000005713        .000025786
     1  8  .000000749        .000005652
     2  0 -.535212919        .831030424
     2  1  .529760216        1.93514729
     2  2  .006990166        .010474629
     2  3  .001161283        .002110493
     2  4  .000365831        .000585194
     2  5  .000072054        .000145020
     2  6  .000020096        .000035965
     2  7  .000004084        .000008251
     2  8  .000001103        .000001971
