 ( 4i3 )
  1  8  3  2 npan, lm, ntype, spins
 ( 2i3 )
  3  1    ntls, nsets
 ( 3e22.14 )
 -0.78606258305102E+00 -0.78606258305102E+00 -0.78606258305101E+00
 ( 3e22.14 )
  0.14776742369547E+00  0.14386478410807E+00  0.51725317400514E+00
  0.23034519163680E+00  0.11440210368161E+00  0.14973884419815E+00
  0.12751587211911E+00  0.22154069054405E+00  0.13267910136363E+00
  0.14776742369548E+00  0.14386478410803E+00  0.51725317400514E+00
  0.23034519163697E+00  0.11440210368159E+00  0.14973884419790E+00
  0.12751587211930E+00  0.22154069054330E+00  0.13267910136377E+00
  0.14776742369544E+00  0.14386478410790E+00  0.51725317400525E+00
  0.23034519163674E+00  0.11440210368163E+00  0.14973884419820E+00
  0.12751587211933E+00  0.22154069054420E+00  0.13267910136360E+00
  0.14776742369543E+00  0.14386478410793E+00  0.51725317400528E+00
  0.23034519163690E+00  0.11440210368156E+00  0.14973884419800E+00
  0.12751587211963E+00  0.22154069054348E+00  0.13267910136405E+00
 -0.64406879715390E+00  0.27376877063669E+00  0.66714690830379E+00
  0.55019260562808E+00  0.62520251992823E+00  0.49687403939456E+00
  0.55882442635371E+00  0.49500111413528E+00  0.55940462491846E+00
 -0.64406879715390E+00  0.27376877063670E+00  0.66714690830376E+00
  0.55019260562820E+00  0.62520251992812E+00  0.49687403939442E+00
  0.55882442635383E+00  0.49500111413488E+00  0.55940462491857E+00
