"Start runs mpprun -np 49 rspt 1.00e-10 99 on n1087,  Mon Nov  1 15:41:30 2021"
  5.23227060e-04 -6372.19490302147  6.37219490e+03
  2.54863900e-04 -6372.24330161663  4.83985952e-02
  1.87249100e-04 -6372.24919385578  5.89223915e-03
  2.35651470e-05 -6372.24997795625  7.84100471e-04
  5.35172360e-06 -6372.25021728863  2.39332379e-04
  2.85527800e-06 -6372.25153807126  1.32078263e-03
  1.55145250e-07 -6372.25257997403  1.04190277e-03
  1.15532580e-07 -6372.25274823631  1.68262281e-04
  5.83924100e-08 -6372.25280092579  5.26894801e-05
  4.64731260e-08 -6372.25281789229  1.69665000e-05
  1.60011650e-09 -6372.25281224002  5.65227037e-06
  7.79295320e-10 -6372.25283208226  1.98422404e-05
  3.44117510e-10 -6372.25283592857  3.84630948e-06
  2.61842570e-10 -6372.25283877828  2.84971065e-06
  2.79355980e-11 -6372.25283722240  1.55588077e-06
"Start runs mpprun -np 49 rspt 1.00e-10 99 on n81,  Mon Nov  1 16:01:59 2021"
  6.25808320e-04 -6372.13072607958  6.37213073e+03
  3.48035020e-04 -6372.17271801257  4.19919330e-02
  2.50473520e-04 -6372.17746186806  4.74385549e-03
  2.40791610e-05 -6372.17911485184  1.65298378e-03
  7.61045470e-06 -6372.17913650810  2.16562603e-05
  3.65719710e-06 -6372.18014974130  1.01323320e-03
  1.63244030e-07 -6372.18095420018  8.04458880e-04
  1.24439600e-07 -6372.18124169322  2.87493040e-04
  1.67395080e-08 -6372.18132267373  8.09805106e-05
  6.30461770e-09 -6372.18135511115  3.24374196e-05
  1.09958050e-09 -6372.18136547426  1.03631101e-05
  7.17524480e-10 -6372.18138548360  2.00093400e-05
  1.63522800e-10 -6372.18139214183  6.65822972e-06
  2.20498260e-11 -6372.18139268342  5.41590452e-07
"Start runs mpprun -np 49 rspt 1.00e-10 99 on n81,  Mon Nov  1 16:26:30 2021"
  1.66187500e-11 -6372.18139613010  6.37218140e+03
"Start runs mpprun -np 49 rspt 1.00e-10 99 on n81,  Mon Nov  1 16:27:25 2021"
  1.68110570e-11 -6372.18139722354  6.37218140e+03
