#      order       spins
          12           2
#              Pi1               Pi2               Pi3                       p
# element 0
  1.00000000000000  .000000000000000  .000000000000000        .000000000000000
  .000000000000000  1.00000000000000  .000000000000000        .000000000000000
  .000000000000000  .000000000000000  1.00000000000000        .000000000000000
# element 1
  .000000000000000 -1.00000000000000  .000000000000000        .000000000000000
 -1.00000000000000  .000000000000000  .000000000000000        .000000000000000
  .000000000000000  .000000000000000 -1.00000000000000        .000000000000000
# element 2
  .000000000000000  .000000000000000  1.00000000000000        .000000000000000
  1.00000000000000  .000000000000000  .000000000000000        .000000000000000
  .000000000000000  1.00000000000000  .000000000000000        .000000000000000
# element 3
  .000000000000000  .000000000000000 -1.00000000000000        .000000000000000
  .000000000000000 -1.00000000000000  .000000000000000        .000000000000000
 -1.00000000000000  .000000000000000  .000000000000000        .000000000000000
# element 4
  .000000000000000  1.00000000000000  .000000000000000        .000000000000000
  .000000000000000  .000000000000000  1.00000000000000        .000000000000000
  1.00000000000000  .000000000000000  .000000000000000        .000000000000000
# element 5
 -1.00000000000000  .000000000000000  .000000000000000        .000000000000000
  .000000000000000  .000000000000000 -1.00000000000000        .000000000000000
  .000000000000000 -1.00000000000000  .000000000000000        .000000000000000
# element 6
  .000000000000000  1.00000000000000  .000000000000000        .000000000000000
  1.00000000000000  .000000000000000  .000000000000000        .000000000000000
  .000000000000000  .000000000000000  1.00000000000000        .000000000000000
# element 7
  .000000000000000  .000000000000000 -1.00000000000000        .000000000000000
 -1.00000000000000  .000000000000000  .000000000000000        .000000000000000
  .000000000000000 -1.00000000000000  .000000000000000        .000000000000000
# element 8
  1.00000000000000  .000000000000000  .000000000000000        .000000000000000
  .000000000000000  .000000000000000  1.00000000000000        .000000000000000
  .000000000000000  1.00000000000000  .000000000000000        .000000000000000
# element 9
  .000000000000000  .000000000000000  1.00000000000000        .000000000000000
  .000000000000000  1.00000000000000  .000000000000000        .000000000000000
  1.00000000000000  .000000000000000  .000000000000000        .000000000000000
# element 10
 -1.00000000000000  .000000000000000  .000000000000000        .000000000000000
  .000000000000000 -1.00000000000000  .000000000000000        .000000000000000
  .000000000000000  .000000000000000 -1.00000000000000        .000000000000000
# element 11
  .000000000000000 -1.00000000000000  .000000000000000        .000000000000000
  .000000000000000  .000000000000000 -1.00000000000000        .000000000000000
 -1.00000000000000  .000000000000000  .000000000000000        .000000000000000
#      types
           3
# type 0
           1 # site(s)
  .000000000000000  .000000000000000  .000000000000000       #     tau 0
  .785398163397448  .955316618124509 -.785398163397448     1 #     alpha, beta, gamma, inversion
          10 # harmonics
#    L     n     m                ar                ai
     0     1     0  1.00000000000000  .000000000000000 # harmonic 0
     2     1     0 -1.00000000000000  .000000000000000 # harmonic 1
     4     2    -3  .500000000000000 -.500000000000000 # harmonic 2
                 3 -.500000000000000 -.500000000000000
     4     1     0  1.00000000000000  .000000000000000 # harmonic 3
     6     2    -6  .000000000000000 -.707106781186547 # harmonic 4
                 6  .000000000000000  .707106781186547
     6     2    -3 -.500000000000000  .500000000000000 # harmonic 5
                 3  .500000000000000  .500000000000000
     6     1     0 -1.00000000000000  .000000000000000 # harmonic 6
     8     2    -6  .000000000000000  .707106781186547 # harmonic 7
                 6  .000000000000000 -.707106781186547
     8     2    -3  .500000000000000 -.500000000000000 # harmonic 8
                 3 -.500000000000000 -.500000000000000
     8     1     0  1.00000000000000  .000000000000000 # harmonic 9
# type 1
           1 # site(s)
  .500000000000000  .500000000000000  .500000000000000       #     tau 0
  .785398163397448  .955316618124509 -.785398163397448     1 #     alpha, beta, gamma, inversion
          10 # harmonics
#    L     n     m                ar                ai
     0     1     0  1.00000000000000  .000000000000000 # harmonic 0
     2     1     0 -1.00000000000000  .000000000000000 # harmonic 1
     4     2    -3  .500000000000000 -.500000000000000 # harmonic 2
                 3 -.500000000000000 -.500000000000000
     4     1     0  1.00000000000000  .000000000000000 # harmonic 3
     6     2    -6  .000000000000000 -.707106781186547 # harmonic 4
                 6  .000000000000000  .707106781186547
     6     2    -3 -.500000000000000  .500000000000000 # harmonic 5
                 3  .500000000000000  .500000000000000
     6     1     0 -1.00000000000000  .000000000000000 # harmonic 6
     8     2    -6  .000000000000000  .707106781186547 # harmonic 7
                 6  .000000000000000 -.707106781186547
     8     2    -3  .500000000000000 -.500000000000000 # harmonic 8
                 3 -.500000000000000 -.500000000000000
     8     1     0  1.00000000000000  .000000000000000 # harmonic 9
# type 2
           2 # site(s)
  .250000000000000  .250000000000000  .250000000000000       #     tau 0
  .785398163397448  .955316618124509 -.785398163397448     1 #     alpha, beta, gamma, inversion
 -.250000000000000 -.250000000000000 -.250000000000000       #     tau 1
 -2.35619449019234  2.18627603546528  2.35619449019234     1 #     alpha, beta, gamma, inversion
          18 # harmonics
#    L     n     m                ar                ai
     0     1     0  1.00000000000000  .000000000000000 # harmonic 0
     1     1     0  .000000000000000  1.00000000000000 # harmonic 1
     2     1     0 -1.00000000000000  .000000000000000 # harmonic 2
     3     2    -3 -.500000000000000 -.500000000000000 # harmonic 3
                 3 -.500000000000000  .500000000000000
     3     1     0  .000000000000000 -1.00000000000000 # harmonic 4
     4     2    -3  .500000000000000 -.500000000000000 # harmonic 5
                 3 -.500000000000000 -.500000000000000
     4     1     0  1.00000000000000  .000000000000000 # harmonic 6
     5     2    -3  .500000000000000  .500000000000000 # harmonic 7
                 3  .500000000000000 -.500000000000000
     5     1     0  .000000000000000  1.00000000000000 # harmonic 8
     6     2    -6  .000000000000000 -.707106781186547 # harmonic 9
                 6  .000000000000000  .707106781186547
     6     2    -3 -.500000000000000  .500000000000000 # harmonic 10
                 3  .500000000000000  .500000000000000
     6     1     0 -1.00000000000000  .000000000000000 # harmonic 11
     7     2    -6  .707106781186547  .000000000000000 # harmonic 12
                 6 -.707106781186547  .000000000000000
     7     2    -3 -.500000000000000 -.500000000000000 # harmonic 13
                 3 -.500000000000000  .500000000000000
     7     1     0  .000000000000000 -1.00000000000000 # harmonic 14
     8     2    -6  .000000000000000  .707106781186547 # harmonic 15
                 6  .000000000000000 -.707106781186547
     8     2    -3  .500000000000000 -.500000000000000 # harmonic 16
                 3 -.500000000000000 -.500000000000000
     8     1     0  1.00000000000000  .000000000000000 # harmonic 17
