# ACE/gr parameter file
#
@    version 50122
@    world xmin 0.25
@    world xmax 0.75
@    title font 5
@    xaxis  tick major 0.1
@    xaxis  tick minor 0.02
@    xaxis  label "(r-r\s1\N)/d"
@    xaxis  label font 5
@    xaxis  label char size 1.2
@    xaxis  ticklabel font 4
@    xaxis  ticklabel char size 1
@    yaxis  tick major .1
@    yaxis  tick minor .02
@    yaxis  label font 4
@    yaxis  label char size 1.2
@    yaxis  ticklabel font 5
@    yaxis  ticklabel char size 1
@    title "potential between neighbors"
@    yaxis  label "V(r) (Ry)"
@    world ymin -10.
@    world ymax   .0
@    yaxis  tick major 2
@    yaxis  tick minor 1
@ s0 color  1
@ s0 linestyle  1
@ legend string 0 "(1)-(3)"
@target s0
@type xy
  .1000000000 -48.81051212
  .1050000000 -44.57571220
  .1100000000 -40.81383961
  .1150000000 -37.45302174
  .1200000000 -34.44096775
  .1250000000 -31.73570524
  .1300000000 -29.28276558
  .1350000000 -27.06993207
  .1400000000 -25.05073242
  .1450000000 -23.22310337
  .1500000000 -21.54907600
  .1550000000 -20.02112630
  .1600000000 -18.62739797
  .1650000000 -17.34742456
  .1700000000 -16.17127667
  .1750000000 -15.08990147
  .1800000000 -14.09950879
  .1850000000 -13.18734697
  .1900000000 -12.34575691
  .1950000000 -11.56855203
  .2000000000 -10.85006843
  .2050000000 -10.18512413
  .2100000000 -9.568982841
  .2150000000 -8.997321077
  .2200000000 -8.466197970
  .2250000000 -7.972027003
  .2300000000 -7.514092315
  .2350000000 -7.088040384
  .2400000000 -6.690156273
  .2450000000 -6.317944307
  .2500000000 -5.969153283
  .2550000000 -5.641755139
  .2600000000 -5.338038920
  .2650000000 -5.052947006
  .2700000000 -4.784075112
  .2750000000 -4.530074958
  .2800000000 -4.293921908
  .2850000000 -4.071193204
  .2900000000 -3.859740260
  .2950000000 -3.660959423
  .3000000000 -3.474706464
  .3050000000 -3.297000826
  .3100000000 -3.129512035
  .3150000000 -2.972230502
  .3200000000 -2.821438485
  .3250000000 -2.680292147
  .3300000000 -2.546176445
  .3350000000 -2.417618216
  .3400000000 -2.298179673
  .3450000000 -2.182734025
  .3500000000 -2.074607278
  .3550000000 -1.971312695
  .3600000000 -1.872981456
  .3650000000 -1.780468337
  .3700000000 -1.691141038
  .3750000000 -1.608222945
  .3800000000 -1.527200067
  .3850000000 -1.452847199
  .3900000000 -1.379865369
  .3950000000 -1.312826314
  .4000000000 -1.247106489
  .4050000000 -1.186829668
  .4100000000 -1.127634686
  .4150000000 -1.073684061
  .4200000000 -1.020379567
  .4250000000 -.9723504461
  .4300000000 -.9249024619
  .4350000000 -.8819040937
  .4400000000 -.8399806212
  .4450000000 -.8015180086
  .4500000000 -.7648270161
  .4550000000 -.7304491221
  .4600000000 -.6987358217
  .4650000000 -.6680265597
  .4700000000 -.6410723120
  .4750000000 -.6144032998
  .4800000000 -.5912638854
  .4850000000 -.5691188401
  .4900000000 -.5487906702
  .4950000000 -.5310308939
  .5000000000 -.5134496108
  .5050000000 -.4997040969
  .5100000000 -.4863667755
  .5150000000 -.4797026491
  .5200000000 -.4705309793
  .5250000000 -.4631508676
  .5300000000 -.4575427461
  .5350000000 -.4536894305
  .5400000000 -.4515764297
  .5450000000 -.4511924324
  .5500000000 -.4525298962
  .5550000000 -.4555856419
  .5600000000 -.4583766279
  .5650000000 -.4658050358
  .5700000000 -.4733193231
  .5750000000 -.4839193824
  .5800000000 -.4952140319
  .5850000000 -.5092001275
  .5900000000 -.5243469231
  .5950000000 -.5420065218
  .6000000000 -.5611203704
  .6050000000 -.5827729713
  .6100000000 -.6060101319
  .6150000000 -.6320162326
  .6200000000 -.6595733602
  .6250000000 -.6903423746
  .6300000000 -.7224563432
  .6350000000 -.7584539211
  .6400000000 -.7956436327
  .6450000000 -.8371575010
  .6500000000 -.8804366092
  .6550000000 -.9273722917
  .6600000000 -.9773829612
  .6650000000 -1.030139509
  .6700000000 -1.087608008
  .6750000000 -1.147603576
  .6800000000 -1.212378045
  .6850000000 -1.281160807
  .6900000000 -1.353232995
  .6950000000 -1.431670798
  .7000000000 -1.514137364
  .7050000000 -1.600842874
  .7100000000 -1.694890302
  .7150000000 -1.793915558
  .7200000000 -1.898317887
  .7250000000 -2.010321991
  .7300000000 -2.129388829
  .7350000000 -2.255243214
  .7400000000 -2.388428759
  .7450000000 -2.531260155
  .7500000000 -2.683090481
  .7550000000 -2.844107474
  .7600000000 -3.015044005
  .7650000000 -3.196693721
  .7700000000 -3.390414843
  .7750000000 -3.597499745
  .7800000000 -3.817926921
  .7850000000 -4.052761892
  .7900000000 -4.303159436
  .7950000000 -4.570372019
  .8000000000 -4.855759487
  .8050000000 -5.160800276
  .8100000000 -5.487104436
  .8150000000 -5.836428821
  .8200000000 -6.210694849
  .8250000000 -6.612009310
  .8300000000 -7.043329939
  .8350000000 -7.508738890
  .8400000000 -8.009570218
  .8450000000 -8.549050055
  .8500000000 -9.131604769
  .8550000000 -9.765446798
  .8600000000 -10.45122036
  .8650000000 -11.19894166
  .8700000000 -12.01457888
  .8750000000 -12.90861674
  .8800000000 -13.88849344
  .8850000000 -14.97402004
  .8900000000 -16.17483433
  .8950000000 -17.51050183
&
@ s1 color  1
@ s1 linestyle  1
@target s1
@type xy
  .5130146834 -10.000
  .5130146834  10.000
  .5599284151  10.000
  .5599284151 -10.000
&
@ s2 color  2
@ s2 linestyle  1
@ legend string 2 "(2)-(3)"
@target s2
@type xy
  .1000000000 -48.81051212
  .1050000000 -44.57571220
  .1100000000 -40.81383961
  .1150000000 -37.45302174
  .1200000000 -34.44096775
  .1250000000 -31.73570524
  .1300000000 -29.28276558
  .1350000000 -27.06993207
  .1400000000 -25.05073242
  .1450000000 -23.22310337
  .1500000000 -21.54907600
  .1550000000 -20.02112630
  .1600000000 -18.62739797
  .1650000000 -17.34742456
  .1700000000 -16.17127667
  .1750000000 -15.08990147
  .1800000000 -14.09950879
  .1850000000 -13.18734697
  .1900000000 -12.34575691
  .1950000000 -11.56855203
  .2000000000 -10.85006843
  .2050000000 -10.18512413
  .2100000000 -9.568982841
  .2150000000 -8.997321077
  .2200000000 -8.466197970
  .2250000000 -7.972027003
  .2300000000 -7.514092315
  .2350000000 -7.088040384
  .2400000000 -6.690156273
  .2450000000 -6.317944307
  .2500000000 -5.969153283
  .2550000000 -5.641755139
  .2600000000 -5.338038920
  .2650000000 -5.052947006
  .2700000000 -4.784075112
  .2750000000 -4.530074958
  .2800000000 -4.293921908
  .2850000000 -4.071193204
  .2900000000 -3.859740260
  .2950000000 -3.660959423
  .3000000000 -3.474706464
  .3050000000 -3.297000826
  .3100000000 -3.129512035
  .3150000000 -2.972230502
  .3200000000 -2.821438485
  .3250000000 -2.680292147
  .3300000000 -2.546176445
  .3350000000 -2.417618216
  .3400000000 -2.298179673
  .3450000000 -2.182734025
  .3500000000 -2.074607278
  .3550000000 -1.971312695
  .3600000000 -1.872981456
  .3650000000 -1.780468337
  .3700000000 -1.691141038
  .3750000000 -1.608222945
  .3800000000 -1.527200067
  .3850000000 -1.452847199
  .3900000000 -1.379865369
  .3950000000 -1.312826314
  .4000000000 -1.247106489
  .4050000000 -1.186829668
  .4100000000 -1.127634686
  .4150000000 -1.073684061
  .4200000000 -1.020379567
  .4250000000 -.9723504461
  .4300000000 -.9249024619
  .4350000000 -.8819040937
  .4400000000 -.8399806212
  .4450000000 -.8015180086
  .4500000000 -.7648270161
  .4550000000 -.7304491221
  .4600000000 -.6987358217
  .4650000000 -.6680265597
  .4700000000 -.6410723120
  .4750000000 -.6144032998
  .4800000000 -.5912638854
  .4850000000 -.5691188401
  .4900000000 -.5487906702
  .4950000000 -.5310308939
  .5000000000 -.5134496108
  .5050000000 -.4997040969
  .5100000000 -.4863667755
  .5150000000 -.4797026491
  .5200000000 -.4705309793
  .5250000000 -.4631508676
  .5300000000 -.4575427461
  .5350000000 -.4536894305
  .5400000000 -.4515764297
  .5450000000 -.4511924324
  .5500000000 -.4525298962
  .5550000000 -.4555856419
  .5600000000 -.4583766279
  .5650000000 -.4658050358
  .5700000000 -.4733193231
  .5750000000 -.4839193824
  .5800000000 -.4952140319
  .5850000000 -.5092001275
  .5900000000 -.5243469231
  .5950000000 -.5420065218
  .6000000000 -.5611203704
  .6050000000 -.5827729713
  .6100000000 -.6060101319
  .6150000000 -.6320162326
  .6200000000 -.6595733602
  .6250000000 -.6903423746
  .6300000000 -.7224563432
  .6350000000 -.7584539211
  .6400000000 -.7956436327
  .6450000000 -.8371575010
  .6500000000 -.8804366092
  .6550000000 -.9273722917
  .6600000000 -.9773829612
  .6650000000 -1.030139509
  .6700000000 -1.087608008
  .6750000000 -1.147603576
  .6800000000 -1.212378045
  .6850000000 -1.281160807
  .6900000000 -1.353232995
  .6950000000 -1.431670798
  .7000000000 -1.514137364
  .7050000000 -1.600842874
  .7100000000 -1.694890302
  .7150000000 -1.793915558
  .7200000000 -1.898317887
  .7250000000 -2.010321991
  .7300000000 -2.129388829
  .7350000000 -2.255243214
  .7400000000 -2.388428759
  .7450000000 -2.531260155
  .7500000000 -2.683090481
  .7550000000 -2.844107474
  .7600000000 -3.015044005
  .7650000000 -3.196693721
  .7700000000 -3.390414843
  .7750000000 -3.597499745
  .7800000000 -3.817926921
  .7850000000 -4.052761892
  .7900000000 -4.303159436
  .7950000000 -4.570372019
  .8000000000 -4.855759487
  .8050000000 -5.160800276
  .8100000000 -5.487104436
  .8150000000 -5.836428821
  .8200000000 -6.210694849
  .8250000000 -6.612009310
  .8300000000 -7.043329939
  .8350000000 -7.508738890
  .8400000000 -8.009570218
  .8450000000 -8.549050055
  .8500000000 -9.131604769
  .8550000000 -9.765446798
  .8600000000 -10.45122036
  .8650000000 -11.19894166
  .8700000000 -12.01457888
  .8750000000 -12.90861674
  .8800000000 -13.88849344
  .8850000000 -14.97402004
  .8900000000 -16.17483433
  .8950000000 -17.51050183
&
@ s3 color  2
@ s3 linestyle  1
@target s3
@type xy
  .5130146834 -10.000
  .5130146834  10.000
  .5599284151  10.000
  .5599284151 -10.000
&
@ s4 color  3
@ s4 linestyle  1
@ legend string 4 "(3)-(1)"
@target s4
@type xy
  .1000000000 -19.00426468
  .1050000000 -17.51050183
  .1100000000 -16.17483433
  .1150000000 -14.97402004
  .1200000000 -13.88849344
  .1250000000 -12.90861674
  .1300000000 -12.01457888
  .1350000000 -11.19894166
  .1400000000 -10.45122036
  .1450000000 -9.765446798
  .1500000000 -9.131604769
  .1550000000 -8.549050055
  .1600000000 -8.009570218
  .1650000000 -7.508738890
  .1700000000 -7.043329939
  .1750000000 -6.612009310
  .1800000000 -6.210694849
  .1850000000 -5.836428821
  .1900000000 -5.487104436
  .1950000000 -5.160800276
  .2000000000 -4.855759487
  .2050000000 -4.570372019
  .2100000000 -4.303159436
  .2150000000 -4.052761892
  .2200000000 -3.817926921
  .2250000000 -3.597499745
  .2300000000 -3.390414843
  .2350000000 -3.196693721
  .2400000000 -3.015044005
  .2450000000 -2.844107474
  .2500000000 -2.683090481
  .2550000000 -2.531260155
  .2600000000 -2.388428759
  .2650000000 -2.255243214
  .2700000000 -2.129388829
  .2750000000 -2.010321991
  .2800000000 -1.898317887
  .2850000000 -1.793915558
  .2900000000 -1.694890302
  .2950000000 -1.600842874
  .3000000000 -1.514137364
  .3050000000 -1.431670798
  .3100000000 -1.353232995
  .3150000000 -1.281160807
  .3200000000 -1.212378045
  .3250000000 -1.147603576
  .3300000000 -1.087608008
  .3350000000 -1.030139509
  .3400000000 -.9773829612
  .3450000000 -.9273722917
  .3500000000 -.8804366092
  .3550000000 -.8371575010
  .3600000000 -.7956436327
  .3650000000 -.7584539211
  .3700000000 -.7224563432
  .3750000000 -.6903423746
  .3800000000 -.6595733602
  .3850000000 -.6320162326
  .3900000000 -.6060101319
  .3950000000 -.5827729713
  .4000000000 -.5611203704
  .4050000000 -.5420065218
  .4100000000 -.5243469231
  .4150000000 -.5092001275
  .4200000000 -.4952140319
  .4250000000 -.4839193824
  .4300000000 -.4733193231
  .4350000000 -.4658050358
  .4400000000 -.4583766279
  .4450000000 -.4555856419
  .4500000000 -.4525298962
  .4550000000 -.4511924324
  .4600000000 -.4515764297
  .4650000000 -.4536894305
  .4700000000 -.4575427461
  .4750000000 -.4631508676
  .4800000000 -.4705309793
  .4850000000 -.4797026491
  .4900000000 -.4863667755
  .4950000000 -.4997040969
  .5000000000 -.5134496108
  .5050000000 -.5310308939
  .5100000000 -.5487906702
  .5150000000 -.5691188401
  .5200000000 -.5912638854
  .5250000000 -.6144032998
  .5300000000 -.6410723120
  .5350000000 -.6680265597
  .5400000000 -.6987358217
  .5450000000 -.7304491221
  .5500000000 -.7648270161
  .5550000000 -.8015180086
  .5600000000 -.8399806212
  .5650000000 -.8819040937
  .5700000000 -.9249024619
  .5750000000 -.9723504461
  .5800000000 -1.020379567
  .5850000000 -1.073684061
  .5900000000 -1.127634686
  .5950000000 -1.186829668
  .6000000000 -1.247106489
  .6050000000 -1.312826314
  .6100000000 -1.379865369
  .6150000000 -1.452847199
  .6200000000 -1.527200067
  .6250000000 -1.608222945
  .6300000000 -1.691141038
  .6350000000 -1.780468337
  .6400000000 -1.872981456
  .6450000000 -1.971312695
  .6500000000 -2.074607278
  .6550000000 -2.182734025
  .6600000000 -2.298179673
  .6650000000 -2.417618216
  .6700000000 -2.546176445
  .6750000000 -2.680292147
  .6800000000 -2.821438485
  .6850000000 -2.972230502
  .6900000000 -3.129512035
  .6950000000 -3.297000826
  .7000000000 -3.474706464
  .7050000000 -3.660959423
  .7100000000 -3.859740260
  .7150000000 -4.071193204
  .7200000000 -4.293921908
  .7250000000 -4.530074958
  .7300000000 -4.784075112
  .7350000000 -5.052947006
  .7400000000 -5.338038920
  .7450000000 -5.641755139
  .7500000000 -5.969153283
  .7550000000 -6.317944307
  .7600000000 -6.690156273
  .7650000000 -7.088040384
  .7700000000 -7.514092315
  .7750000000 -7.972027003
  .7800000000 -8.466197970
  .7850000000 -8.997321077
  .7900000000 -9.568982841
  .7950000000 -10.18512413
  .8000000000 -10.85006843
  .8050000000 -11.56855203
  .8100000000 -12.34575691
  .8150000000 -13.18734697
  .8200000000 -14.09950879
  .8250000000 -15.08990147
  .8300000000 -16.17127667
  .8350000000 -17.34742456
  .8400000000 -18.62739797
  .8450000000 -20.02112630
  .8500000000 -21.54907600
  .8550000000 -23.22310337
  .8600000000 -25.05073242
  .8650000000 -27.06993207
  .8700000000 -29.28276558
  .8750000000 -31.73570524
  .8800000000 -34.44096775
  .8850000000 -37.45302174
  .8900000000 -40.81383961
  .8950000000 -44.57571220
&
@ s5 color  3
@ s5 linestyle  1
@target s5
@type xy
  .4400715848 -10.000
  .4400715848  10.000
  .4869853165  10.000
  .4869853165 -10.000
&
