# ACE/gr parameter file
#
@    version 50122
@    world xmin 0.25
@    world xmax 0.75
@    title font 5
@    xaxis  tick major 0.1
@    xaxis  tick minor 0.02
@    xaxis  label "(r-r\s1\N)/d"
@    xaxis  label font 5
@    xaxis  label char size 1.2
@    xaxis  ticklabel font 4
@    xaxis  ticklabel char size 1
@    yaxis  tick major .1
@    yaxis  tick minor .02
@    yaxis  label font 4
@    yaxis  label char size 1.2
@    yaxis  ticklabel font 5
@    yaxis  ticklabel char size 1
@    title "potential between neighbors"
@    yaxis  label "V(r) (Ry)"
@    world ymin -10.
@    world ymax   .0
@    yaxis  tick major 2
@    yaxis  tick minor 1
@ s0 color  1
@ s0 linestyle  1
@ legend string 0 "(1)-(3)"
@target s0
@type xy
  .1000000000 -141.7828481
  .1050000000 -135.0315635
  .1100000000 -128.8934804
  .1150000000 -123.2859129
  .1200000000 -118.1471703
  .1250000000 -113.4265706
  .1300000000 -109.0582513
  .1350000000 -105.0243058
  .1400000000 -101.2674139
  .1450000000 -97.78147508
  .1500000000 -94.51927753
  .1550000000 -91.46900757
  .1600000000 -88.61419930
  .1650000000 -85.92881841
  .1700000000 -83.39925473
  .1750000000 -81.01317652
  .1800000000 -78.76462566
  .1850000000 -76.63743764
  .1900000000 -74.62148734
  .1950000000 -72.70849293
  .2000000000 -70.89088596
  .2050000000 -69.16174066
  .2100000000 -67.51471147
  .2150000000 -65.94397765
  .2200000000 -64.44419411
  .2250000000 -63.01044751
  .2300000000 -61.64163868
  .2350000000 -60.33191653
  .2400000000 -59.07611597
  .2450000000 -57.87063153
  .2500000000 -56.71213630
  .2550000000 -55.59755836
  .2600000000 -54.53033255
  .2650000000 -53.50301098
  .2700000000 -52.51179191
  .2750000000 -51.55439295
  .2800000000 -50.63564458
  .2850000000 -49.74849776
  .2900000000 -48.88922159
  .2950000000 -48.06010081
  .3000000000 -47.26105578
  .3050000000 -46.48498787
  .3100000000 -45.73477792
  .3150000000 -45.01054681
  .3200000000 -44.30525720
  .3250000000 -43.62482850
  .3300000000 -42.96431102
  .3350000000 -42.32064169
  .3400000000 -41.70092471
  .3450000000 -41.09481704
  .3500000000 -40.50896999
  .3550000000 -39.93828236
  .3600000000 -39.38288318
  .3650000000 -38.84455030
  .3700000000 -38.31760420
  .3750000000 -37.80884449
  .3800000000 -37.30852333
  .3850000000 -36.82680976
  .3900000000 -36.35220079
  .3950000000 -35.89446912
  .4000000000 -35.44352440
  .4050000000 -35.00818588
  .4100000000 -34.57892687
  .4150000000 -34.16463025
  .4200000000 -33.75529538
  .4250000000 -33.36074975
  .4300000000 -32.97086029
  .4350000000 -32.59374301
  .4400000000 -32.22217187
  .4450000000 -31.86103641
  .4500000000 -31.50673782
  .4550000000 -31.16026324
  .4600000000 -30.82226549
  .4650000000 -30.48924508
  .4700000000 -30.16664406
  .4750000000 -29.84745687
  .4800000000 -29.53792849
  .4850000000 -29.23307413
  .4900000000 -28.93432518
  .4950000000 -28.64303490
  .5000000000 -28.35467221
  .5050000000 -28.07573440
  .5100000000 -27.80003324
  .5150000000  .0000000000
  .5200000000  .0000000000
  .5250000000  .0000000000
  .5300000000  .0000000000
  .5350000000  .0000000000
  .5400000000  .0000000000
  .5450000000  .0000000000
  .5500000000  .0000000000
  .5550000000  .0000000000
  .5600000000 -9.206002641
  .5650000000 -9.312523884
  .5700000000 -9.420276614
  .5750000000 -9.531613327
  .5800000000 -9.644708813
  .5850000000 -9.761253551
  .5900000000 -9.880023247
  .5950000000 -10.00224713
  .6000000000 -10.12704908
  .6050000000 -10.25546864
  .6100000000 -10.38669021
  .6150000000 -10.52187211
  .6200000000 -10.65993314
  .6250000000 -10.80249955
  .6300000000 -10.94785589
  .6350000000 -11.09849051
  .6400000000 -11.25187227
  .6450000000 -11.41109296
  .6500000000 -11.57372615
  .6550000000 -11.74167557
  .6600000000 -11.91443834
  .6650000000 -12.09174185
  .6700000000 -12.27560320
  .6750000000 -12.46391305
  .6800000000 -12.65897694
  .6850000000 -12.86009550
  .6900000000 -13.06661702
  .6950000000 -13.28168565
  .7000000000 -13.50303980
  .7050000000 -13.73096547
  .7100000000 -13.96864306
  .7150000000 -14.21379338
  .7200000000 -14.46690360
  .7250000000 -14.73028847
  .7300000000 -15.00350766
  .7350000000 -15.28639079
  .7400000000 -15.57959137
  .7450000000 -15.88554145
  .7500000000 -16.20372334
  .7550000000 -16.53446135
  .7600000000 -16.87863528
  .7650000000 -17.23719798
  .7700000000 -17.61168553
  .7750000000 -18.00358944
  .7800000000 -18.41309112
  .7850000000 -18.84148562
  .7900000000 -19.29018049
  .7950000000 -19.76070706
  .8000000000 -20.25473298
  .8050000000 -20.77407633
  .8100000000 -21.32072150
  .8150000000 -21.89683709
  .8200000000 -22.50479619
  .8250000000 -23.14719937
  .8300000000 -23.82757866
  .8350000000 -24.55069449
  .8400000000 -25.31842767
  .8450000000 -26.13467862
  .8500000000 -27.00463917
  .8550000000 -27.93751144
  .8600000000 -28.93446646
  .8650000000 -30.00652831
  .8700000000 -31.16039886
  .8750000000 -32.40735743
  .8800000000 -33.75550116
  .8850000000 -35.22528205
  .8900000000 -36.82679442
  .8950000000 -38.58008351
&
@ s1 color  1
@ s1 linestyle  1
@target s1
@type xy
  .5130146834 -10.000
  .5130146834  10.000
  .5599284151  10.000
  .5599284151 -10.000
&
@ s2 color  2
@ s2 linestyle  1
@ legend string 2 "(2)-(3)"
@target s2
@type xy
  .1000000000 -141.7828481
  .1050000000 -135.0315635
  .1100000000 -128.8934804
  .1150000000 -123.2859129
  .1200000000 -118.1471703
  .1250000000 -113.4265706
  .1300000000 -109.0582513
  .1350000000 -105.0243058
  .1400000000 -101.2674139
  .1450000000 -97.78147508
  .1500000000 -94.51927753
  .1550000000 -91.46900757
  .1600000000 -88.61419930
  .1650000000 -85.92881841
  .1700000000 -83.39925473
  .1750000000 -81.01317652
  .1800000000 -78.76462566
  .1850000000 -76.63743764
  .1900000000 -74.62148734
  .1950000000 -72.70849293
  .2000000000 -70.89088596
  .2050000000 -69.16174066
  .2100000000 -67.51471147
  .2150000000 -65.94397765
  .2200000000 -64.44419411
  .2250000000 -63.01044751
  .2300000000 -61.64163868
  .2350000000 -60.33191653
  .2400000000 -59.07611597
  .2450000000 -57.87063153
  .2500000000 -56.71213630
  .2550000000 -55.59755836
  .2600000000 -54.53033255
  .2650000000 -53.50301098
  .2700000000 -52.51179191
  .2750000000 -51.55439295
  .2800000000 -50.63564458
  .2850000000 -49.74849776
  .2900000000 -48.88922159
  .2950000000 -48.06010081
  .3000000000 -47.26105578
  .3050000000 -46.48498787
  .3100000000 -45.73477792
  .3150000000 -45.01054681
  .3200000000 -44.30525720
  .3250000000 -43.62482850
  .3300000000 -42.96431102
  .3350000000 -42.32064169
  .3400000000 -41.70092471
  .3450000000 -41.09481704
  .3500000000 -40.50896999
  .3550000000 -39.93828236
  .3600000000 -39.38288318
  .3650000000 -38.84455030
  .3700000000 -38.31760420
  .3750000000 -37.80884449
  .3800000000 -37.30852333
  .3850000000 -36.82680976
  .3900000000 -36.35220079
  .3950000000 -35.89446912
  .4000000000 -35.44352440
  .4050000000 -35.00818588
  .4100000000 -34.57892687
  .4150000000 -34.16463025
  .4200000000 -33.75529538
  .4250000000 -33.36074975
  .4300000000 -32.97086029
  .4350000000 -32.59374301
  .4400000000 -32.22217187
  .4450000000 -31.86103641
  .4500000000 -31.50673782
  .4550000000 -31.16026324
  .4600000000 -30.82226549
  .4650000000 -30.48924508
  .4700000000 -30.16664406
  .4750000000 -29.84745687
  .4800000000 -29.53792849
  .4850000000 -29.23307413
  .4900000000 -28.93432518
  .4950000000 -28.64303490
  .5000000000 -28.35467221
  .5050000000 -28.07573440
  .5100000000 -27.80003324
  .5150000000  .0000000000
  .5200000000  .0000000000
  .5250000000  .0000000000
  .5300000000  .0000000000
  .5350000000  .0000000000
  .5400000000  .0000000000
  .5450000000  .0000000000
  .5500000000  .0000000000
  .5550000000  .0000000000
  .5600000000 -9.206002641
  .5650000000 -9.312523884
  .5700000000 -9.420276614
  .5750000000 -9.531613327
  .5800000000 -9.644708813
  .5850000000 -9.761253551
  .5900000000 -9.880023247
  .5950000000 -10.00224713
  .6000000000 -10.12704908
  .6050000000 -10.25546864
  .6100000000 -10.38669021
  .6150000000 -10.52187211
  .6200000000 -10.65993314
  .6250000000 -10.80249955
  .6300000000 -10.94785589
  .6350000000 -11.09849051
  .6400000000 -11.25187227
  .6450000000 -11.41109296
  .6500000000 -11.57372615
  .6550000000 -11.74167557
  .6600000000 -11.91443834
  .6650000000 -12.09174185
  .6700000000 -12.27560320
  .6750000000 -12.46391305
  .6800000000 -12.65897694
  .6850000000 -12.86009550
  .6900000000 -13.06661702
  .6950000000 -13.28168565
  .7000000000 -13.50303980
  .7050000000 -13.73096547
  .7100000000 -13.96864306
  .7150000000 -14.21379338
  .7200000000 -14.46690360
  .7250000000 -14.73028847
  .7300000000 -15.00350766
  .7350000000 -15.28639079
  .7400000000 -15.57959137
  .7450000000 -15.88554145
  .7500000000 -16.20372334
  .7550000000 -16.53446135
  .7600000000 -16.87863528
  .7650000000 -17.23719798
  .7700000000 -17.61168553
  .7750000000 -18.00358944
  .7800000000 -18.41309112
  .7850000000 -18.84148562
  .7900000000 -19.29018049
  .7950000000 -19.76070706
  .8000000000 -20.25473298
  .8050000000 -20.77407633
  .8100000000 -21.32072150
  .8150000000 -21.89683709
  .8200000000 -22.50479619
  .8250000000 -23.14719937
  .8300000000 -23.82757866
  .8350000000 -24.55069449
  .8400000000 -25.31842767
  .8450000000 -26.13467862
  .8500000000 -27.00463917
  .8550000000 -27.93751144
  .8600000000 -28.93446646
  .8650000000 -30.00652831
  .8700000000 -31.16039886
  .8750000000 -32.40735743
  .8800000000 -33.75550116
  .8850000000 -35.22528205
  .8900000000 -36.82679442
  .8950000000 -38.58008351
&
@ s3 color  2
@ s3 linestyle  1
@target s3
@type xy
  .5130146834 -10.000
  .5130146834  10.000
  .5599284151  10.000
  .5599284151 -10.000
&
@ s4 color  3
@ s4 linestyle  1
@ legend string 4 "(3)-(1)"
@target s4
@type xy
  .1000000000 -40.50883765
  .1050000000 -38.58008351
  .1100000000 -36.82679442
  .1150000000 -35.22528205
  .1200000000 -33.75550116
  .1250000000 -32.40735743
  .1300000000 -31.16039886
  .1350000000 -30.00652831
  .1400000000 -28.93446646
  .1450000000 -27.93751144
  .1500000000 -27.00463917
  .1550000000 -26.13467862
  .1600000000 -25.31842767
  .1650000000 -24.55069449
  .1700000000 -23.82757866
  .1750000000 -23.14719937
  .1800000000 -22.50479619
  .1850000000 -21.89683709
  .1900000000 -21.32072150
  .1950000000 -20.77407633
  .2000000000 -20.25473298
  .2050000000 -19.76070706
  .2100000000 -19.29018049
  .2150000000 -18.84148562
  .2200000000 -18.41309112
  .2250000000 -18.00358944
  .2300000000 -17.61168553
  .2350000000 -17.23719798
  .2400000000 -16.87863528
  .2450000000 -16.53446135
  .2500000000 -16.20372334
  .2550000000 -15.88554145
  .2600000000 -15.57959137
  .2650000000 -15.28639079
  .2700000000 -15.00350766
  .2750000000 -14.73028847
  .2800000000 -14.46690360
  .2850000000 -14.21379338
  .2900000000 -13.96864306
  .2950000000 -13.73096547
  .3000000000 -13.50303980
  .3050000000 -13.28168565
  .3100000000 -13.06661702
  .3150000000 -12.86009550
  .3200000000 -12.65897694
  .3250000000 -12.46391305
  .3300000000 -12.27560320
  .3350000000 -12.09174185
  .3400000000 -11.91443834
  .3450000000 -11.74167557
  .3500000000 -11.57372615
  .3550000000 -11.41109296
  .3600000000 -11.25187227
  .3650000000 -11.09849051
  .3700000000 -10.94785589
  .3750000000 -10.80249955
  .3800000000 -10.65993314
  .3850000000 -10.52187211
  .3900000000 -10.38669021
  .3950000000 -10.25546864
  .4000000000 -10.12704908
  .4050000000 -10.00224713
  .4100000000 -9.880023247
  .4150000000 -9.761253551
  .4200000000 -9.644708813
  .4250000000 -9.531613327
  .4300000000 -9.420276614
  .4350000000 -9.312523884
  .4400000000 -9.206002641
  .4450000000  .0000000000
  .4500000000  .0000000000
  .4550000000  .0000000000
  .4600000000  .0000000000
  .4650000000  .0000000000
  .4700000000  .0000000000
  .4750000000  .0000000000
  .4800000000  .0000000000
  .4850000000  .0000000000
  .4900000000 -27.80003324
  .4950000000 -28.07573440
  .5000000000 -28.35467221
  .5050000000 -28.64303490
  .5100000000 -28.93432518
  .5150000000 -29.23307413
  .5200000000 -29.53792849
  .5250000000 -29.84745687
  .5300000000 -30.16664406
  .5350000000 -30.48924508
  .5400000000 -30.82226549
  .5450000000 -31.16026324
  .5500000000 -31.50673782
  .5550000000 -31.86103641
  .5600000000 -32.22217187
  .5650000000 -32.59374301
  .5700000000 -32.97086029
  .5750000000 -33.36074975
  .5800000000 -33.75529538
  .5850000000 -34.16463025
  .5900000000 -34.57892687
  .5950000000 -35.00818588
  .6000000000 -35.44352440
  .6050000000 -35.89446912
  .6100000000 -36.35220079
  .6150000000 -36.82680976
  .6200000000 -37.30852333
  .6250000000 -37.80884449
  .6300000000 -38.31760420
  .6350000000 -38.84455030
  .6400000000 -39.38288318
  .6450000000 -39.93828236
  .6500000000 -40.50896999
  .6550000000 -41.09481704
  .6600000000 -41.70092471
  .6650000000 -42.32064169
  .6700000000 -42.96431102
  .6750000000 -43.62482850
  .6800000000 -44.30525720
  .6850000000 -45.01054681
  .6900000000 -45.73477792
  .6950000000 -46.48498787
  .7000000000 -47.26105578
  .7050000000 -48.06010081
  .7100000000 -48.88922159
  .7150000000 -49.74849776
  .7200000000 -50.63564458
  .7250000000 -51.55439295
  .7300000000 -52.51179191
  .7350000000 -53.50301098
  .7400000000 -54.53033255
  .7450000000 -55.59755836
  .7500000000 -56.71213630
  .7550000000 -57.87063153
  .7600000000 -59.07611597
  .7650000000 -60.33191653
  .7700000000 -61.64163868
  .7750000000 -63.01044751
  .7800000000 -64.44419411
  .7850000000 -65.94397765
  .7900000000 -67.51471147
  .7950000000 -69.16174066
  .8000000000 -70.89088596
  .8050000000 -72.70849293
  .8100000000 -74.62148734
  .8150000000 -76.63743764
  .8200000000 -78.76462566
  .8250000000 -81.01317652
  .8300000000 -83.39925473
  .8350000000 -85.92881841
  .8400000000 -88.61419930
  .8450000000 -91.46900757
  .8500000000 -94.51927753
  .8550000000 -97.78147508
  .8600000000 -101.2674139
  .8650000000 -105.0243058
  .8700000000 -109.0582513
  .8750000000 -113.4265706
  .8800000000 -118.1471703
  .8850000000 -123.2859129
  .8900000000 -128.8934804
  .8950000000 -135.0315635
&
@ s5 color  3
@ s5 linestyle  1
@target s5
@type xy
  .4400715848 -10.000
  .4400715848  10.000
  .4869853165  10.000
  .4869853165 -10.000
&
