 (2i12)
         325          24
 (3e24.16 / e24.16)
  0.1771544941704528E+00  0.0000000000000000E+00 -0.9841830547185879E+00
  0.1017474015669130E-01
  0.1715888599717608E+00  0.4405653116599684E-01 -0.9841830547185879E+00
  0.1017474015669130E-01
  0.1552416666413594E+00  0.8534482845024653E-01 -0.9841830547185879E+00
  0.1017474015669130E-01
  0.1291400684569694E+00  0.1212705962866442E+00 -0.9841830547185879E+00
  0.1017474015669130E-01
  0.9492412482747904E-01  0.1495764865562972E+00 -0.9841830547185879E+00
  0.1017474015669130E-01
  0.5474374932856748E-01  0.1684839360717809E+00 -0.9841830547185879E+00
  0.1017474015669130E-01
  0.1112362272591543E-01  0.1768049202433023E+00 -0.9841830547185879E+00
  0.1017474015669130E-01
 -0.3319544200242857E-01  0.1740166010329256E+00 -0.9841830547185879E+00
  0.1017474015669130E-01
 -0.7542871502546421E-01  0.1602941787913594E+00 -0.9841830547185879E+00
  0.1017474015669130E-01
 -0.1129225244760410E+00  0.1364998837755803E+00 -0.9841830547185879E+00
  0.1017474015669130E-01
 -0.1433209964137939E+00  0.1041287990507251E+00 -0.9841830547185879E+00
  0.1017474015669130E-01
 -0.1647140830491143E+00  0.6521491892257829E-01 -0.9841830547185879E+00
  0.1017474015669130E-01
 -0.1757575780704362E+00  0.2220334559483151E-01 -0.9841830547185879E+00
  0.1017474015669130E-01
 -0.1757575780704361E+00 -0.2220334559483154E-01 -0.9841830547185879E+00
  0.1017474015669130E-01
 -0.1647140830491143E+00 -0.6521491892257840E-01 -0.9841830547185879E+00
  0.1017474015669130E-01
 -0.1433209964137938E+00 -0.1041287990507251E+00 -0.9841830547185879E+00
  0.1017474015669130E-01
 -0.1129225244760410E+00 -0.1364998837755803E+00 -0.9841830547185879E+00
  0.1017474015669130E-01
 -0.7542871502546410E-01 -0.1602941787913594E+00 -0.9841830547185879E+00
  0.1017474015669130E-01
 -0.3319544200242854E-01 -0.1740166010329256E+00 -0.9841830547185879E+00
  0.1017474015669130E-01
  0.1112362272591551E-01 -0.1768049202433023E+00 -0.9841830547185879E+00
  0.1017474015669130E-01
  0.5474374932856744E-01 -0.1684839360717809E+00 -0.9841830547185879E+00
  0.1017474015669130E-01
  0.9492412482747907E-01 -0.1495764865562972E+00 -0.9841830547185879E+00
  0.1017474015669130E-01
  0.1291400684569695E+00 -0.1212705962866441E+00 -0.9841830547185879E+00
  0.1017474015669130E-01
  0.1552416666413594E+00 -0.8534482845024653E-01 -0.9841830547185879E+00
  0.1017474015669130E-01
  0.1715888599717608E+00 -0.4405653116599678E-01 -0.9841830547185879E+00
  0.1017474015669130E-01
  0.3975087140471620E+00  0.0000000000000000E+00 -0.9175983992229779E+00
  0.2315265817022154E-01
  0.3850202468279774E+00  0.9885639724343528E-01 -0.9175983992229779E+00
  0.2315265817022154E-01
  0.3483395414951740E+00  0.1915012834796684E+00 -0.9175983992229779E+00
  0.2315265817022154E-01
  0.2897713816670101E+00  0.2721134397824195E+00 -0.9175983992229779E+00
  0.2315265817022154E-01
  0.2129958202241133E+00  0.3356277079004140E+00 -0.9175983992229779E+00
  0.2315265817022154E-01
  0.1228369480527045E+00  0.3780532527786603E+00 -0.9175983992229779E+00
  0.2315265817022154E-01
  0.2495977867245054E-01  0.3967243214022185E+00 -0.9175983992229779E+00
  0.2315265817022154E-01
 -0.7448570539743821E-01  0.3904677418620832E+00 -0.9175983992229779E+00
  0.2315265817022154E-01
 -0.1692509786579438E+00  0.3596766380608514E+00 -0.9175983992229779E+00
  0.2315265817022154E-01
 -0.2533815904678130E+00  0.3062857282921128E+00 -0.9175983992229779E+00
  0.2315265817022154E-01
 -0.3215913050762855E+00  0.2336497597746677E+00 -0.9175983992229779E+00
  0.2315265817022154E-01
 -0.3695942552567281E+00  0.1463327175468730E+00 -0.9175983992229779E+00
  0.2315265817022154E-01
 -0.3943742391068023E+00  0.4982105250151913E-01 -0.9175983992229779E+00
  0.2315265817022154E-01
 -0.3943742391068022E+00 -0.4982105250151921E-01 -0.9175983992229779E+00
  0.2315265817022154E-01
 -0.3695942552567281E+00 -0.1463327175468732E+00 -0.9175983992229779E+00
  0.2315265817022154E-01
 -0.3215913050762854E+00 -0.2336497597746677E+00 -0.9175983992229779E+00
  0.2315265817022154E-01
 -0.2533815904678129E+00 -0.3062857282921128E+00 -0.9175983992229779E+00
  0.2315265817022154E-01
 -0.1692509786579435E+00 -0.3596766380608515E+00 -0.9175983992229779E+00
  0.2315265817022154E-01
 -0.7448570539743814E-01 -0.3904677418620832E+00 -0.9175983992229779E+00
  0.2315265817022154E-01
  0.2495977867245071E-01 -0.3967243214022184E+00 -0.9175983992229779E+00
  0.2315265817022154E-01
  0.1228369480527044E+00 -0.3780532527786604E+00 -0.9175983992229779E+00
  0.2315265817022154E-01
  0.2129958202241133E+00 -0.3356277079004140E+00 -0.9175983992229779E+00
  0.2315265817022154E-01
  0.2897713816670102E+00 -0.2721134397824193E+00 -0.9175983992229779E+00
  0.2315265817022154E-01
  0.3483395414951740E+00 -0.1915012834796684E+00 -0.9175983992229779E+00
  0.2315265817022154E-01
  0.3850202468279774E+00 -0.9885639724343515E-01 -0.9175983992229779E+00
  0.2315265817022154E-01
  0.5978900939607058E+00  0.0000000000000000E+00 -0.8015780907333099E+00
  0.3490271995879628E-01
  0.5791062772159549E+00  0.1486892200040724E+00 -0.8015780907333099E+00
  0.3490271995879628E-01
  0.5239350832698196E+00  0.2880357494745898E+00 -0.8015780907333099E+00
  0.3490271995879628E-01
  0.4358431211433946E+00  0.4092839334842329E+00 -0.8015780907333099E+00
  0.3490271995879628E-01
  0.3203655327966561E+00  0.5048153027120476E+00 -0.8015780907333099E+00
  0.3490271995879628E-01
  0.1847581998022923E+00  0.5686272698896510E+00 -0.8015780907333099E+00
  0.3490271995879628E-01
  0.3754182962122266E-01  0.5967102944352751E+00 -0.8015780907333099E+00
  0.3490271995879628E-01
 -0.1120334317841396E+00  0.5872998166345790E+00 -0.8015780907333099E+00
  0.3490271995879628E-01
 -0.2545692206403641E+00  0.5409871314170968E+00 -0.8015780907333099E+00
  0.3490271995879628E-01
 -0.3811094891236520E+00  0.4606822351211848E+00 -0.8015780907333099E+00
  0.3490271995879628E-01
 -0.4837032467826451E+00  0.3514309797218639E+00 -0.8015780907333099E+00
  0.3490271995879628E-01
 -0.5559041505101815E+00  0.2200980233938848E+00 -0.8015780907333099E+00
  0.3490271995879628E-01
 -0.5931755519887106E+00  0.7493549879216085E-01 -0.8015780907333099E+00
  0.3490271995879628E-01
 -0.5931755519887105E+00 -0.7493549879216099E-01 -0.8015780907333099E+00
  0.3490271995879628E-01
 -0.5559041505101814E+00 -0.2200980233938852E+00 -0.8015780907333099E+00
  0.3490271995879628E-01
 -0.4837032467826451E+00 -0.3514309797218640E+00 -0.8015780907333099E+00
  0.3490271995879628E-01
 -0.3811094891236519E+00 -0.4606822351211849E+00 -0.8015780907333099E+00
  0.3490271995879628E-01
 -0.2545692206403637E+00 -0.5409871314170970E+00 -0.8015780907333099E+00
  0.3490271995879628E-01
 -0.1120334317841395E+00 -0.5872998166345790E+00 -0.8015780907333099E+00
  0.3490271995879628E-01
  0.3754182962122291E-01 -0.5967102944352750E+00 -0.8015780907333099E+00
  0.3490271995879628E-01
  0.1847581998022921E+00 -0.5686272698896510E+00 -0.8015780907333099E+00
  0.3490271995879628E-01
  0.3203655327966561E+00 -0.5048153027120476E+00 -0.8015780907333099E+00
  0.3490271995879628E-01
  0.4358431211433947E+00 -0.4092839334842326E+00 -0.8015780907333099E+00
  0.3490271995879628E-01
  0.5239350832698196E+00 -0.2880357494745898E+00 -0.8015780907333099E+00
  0.3490271995879628E-01
  0.5791062772159549E+00 -0.1486892200040722E+00 -0.8015780907333099E+00
  0.3490271995879628E-01
  0.7664119819787256E+00  0.0000000000000000E+00 -0.6423493394403403E+00
  0.4477296835422606E-01
  0.7423337402318136E+00  0.1905989093200821E+00 -0.6423493394403403E+00
  0.4477296835422606E-01
  0.6716119394736144E+00  0.3692217881938287E+00 -0.6423493394403403E+00
  0.4477296835422606E-01
  0.5586902905423553E+00  0.5246451042126070E+00 -0.6423493394403403E+00
  0.4477296835422606E-01
  0.4106640759371610E+00  0.6471030388239851E+00 -0.6423493394403403E+00
  0.4477296835422606E-01
  0.2368343271240122E+00  0.7289011096275508E+00 -0.6423493394403403E+00
  0.4477296835422606E-01
  0.4812340652193488E-01  0.7648996430024551E+00 -0.6423493394403403E+00
  0.4477296835422606E-01
 -0.1436112846974245E+00  0.7528367187034076E+00 -0.6423493394403403E+00
  0.4477296835422606E-01
 -0.3263223507338851E+00  0.6934702946284502E+00 -0.6423493394403403E+00
  0.4477296835422606E-01
 -0.4885293833440801E+00  0.5905305815366477E+00 -0.6423493394403403E+00
  0.4477296835422606E-01
 -0.6200403181133750E+00  0.4504856601873396E+00 -0.6423493394403403E+00
  0.4477296835422606E-01
 -0.7125918393468295E+00  0.2821350680380957E+00 -0.6423493394403403E+00
  0.4477296835422606E-01
 -0.7603685945846603E+00  0.9605689194382083E-01 -0.6423493394403403E+00
  0.4477296835422606E-01
 -0.7603685945846601E+00 -0.9605689194382101E-01 -0.6423493394403403E+00
  0.4477296835422606E-01
 -0.7125918393468292E+00 -0.2821350680380961E+00 -0.6423493394403403E+00
  0.4477296835422606E-01
 -0.6200403181133749E+00 -0.4504856601873397E+00 -0.6423493394403403E+00
  0.4477296835422606E-01
 -0.4885293833440800E+00 -0.5905305815366478E+00 -0.6423493394403403E+00
  0.4477296835422606E-01
 -0.3263223507338847E+00 -0.6934702946284504E+00 -0.6423493394403403E+00
  0.4477296835422606E-01
 -0.1436112846974243E+00 -0.7528367187034076E+00 -0.6423493394403403E+00
  0.4477296835422606E-01
  0.4812340652193520E-01 -0.7648996430024548E+00 -0.6423493394403403E+00
  0.4477296835422606E-01
  0.2368343271240121E+00 -0.7289011096275509E+00 -0.6423493394403403E+00
  0.4477296835422606E-01
  0.4106640759371611E+00 -0.6471030388239851E+00 -0.6423493394403403E+00
  0.4477296835422606E-01
  0.5586902905423555E+00 -0.5246451042126066E+00 -0.6423493394403403E+00
  0.4477296835422606E-01
  0.6716119394736144E+00 -0.3692217881938287E+00 -0.6423493394403403E+00
  0.4477296835422606E-01
  0.7423337402318136E+00 -0.1905989093200818E+00 -0.6423493394403403E+00
  0.4477296835422606E-01
  0.8937864690560937E+00  0.0000000000000000E+00 -0.4484927510364469E+00
  0.5222986945925456E-01
  0.8657065235723489E+00  0.2222756561390340E+00 -0.4484927510364469E+00
  0.5222986945925456E-01
  0.7832310533666728E+00  0.4305849153301722E+00 -0.4484927510364469E+00
  0.5222986945925456E-01
  0.6515422955556507E+00  0.6118389407105704E+00 -0.4484927510364469E+00
  0.5222986945925456E-01
  0.4789147391099208E+00  0.7546488752599025E+00 -0.4484927510364469E+00
  0.5222986945925456E-01
  0.2761952082807111E+00  0.8500414455722346E+00 -0.4484927510364469E+00
  0.5222986945925456E-01
  0.5612131674030262E-01  0.8920227856255099E+00 -0.4484927510364469E+00
  0.5222986945925456E-01
 -0.1674788835306641E+00  0.8779550534276124E+00 -0.4484927510364469E+00
  0.5222986945925456E-01
 -0.3805557696051514E+00  0.8087221763300363E+00 -0.4484927510364469E+00
  0.5222986945925456E-01
 -0.5697209370891290E+00  0.6886743106215335E+00 -0.4484927510364469E+00
  0.5222986945925456E-01
 -0.7230884428087579E+00  0.5253545052097348E+00 -0.4484927510364469E+00
  0.5222986945925456E-01
 -0.8310216423334432E+00  0.3290247441168921E+00 -0.4484927510364469E+00
  0.5222986945925456E-01
 -0.8867386957865081E+00  0.1120211482828220E+00 -0.4484927510364469E+00
  0.5222986945925456E-01
 -0.8867386957865080E+00 -0.1120211482828222E+00 -0.4484927510364469E+00
  0.5222986945925456E-01
 -0.8310216423334430E+00 -0.3290247441168926E+00 -0.4484927510364469E+00
  0.5222986945925456E-01
 -0.7230884428087578E+00 -0.5253545052097349E+00 -0.4484927510364469E+00
  0.5222986945925456E-01
 -0.5697209370891289E+00 -0.6886743106215336E+00 -0.4484927510364469E+00
  0.5222986945925456E-01
 -0.3805557696051509E+00 -0.8087221763300365E+00 -0.4484927510364469E+00
  0.5222986945925456E-01
 -0.1674788835306640E+00 -0.8779550534276124E+00 -0.4484927510364469E+00
  0.5222986945925456E-01
  0.5612131674030300E-01 -0.8920227856255096E+00 -0.4484927510364469E+00
  0.5222986945925456E-01
  0.2761952082807109E+00 -0.8500414455722347E+00 -0.4484927510364469E+00
  0.5222986945925456E-01
  0.4789147391099209E+00 -0.7546488752599025E+00 -0.4484927510364469E+00
  0.5222986945925456E-01
  0.6515422955556509E+00 -0.6118389407105701E+00 -0.4484927510364469E+00
  0.5222986945925456E-01
  0.7832310533666728E+00 -0.4305849153301722E+00 -0.4484927510364469E+00
  0.5222986945925456E-01
  0.8657065235723489E+00 -0.2222756561390337E+00 -0.4484927510364469E+00
  0.5222986945925456E-01
  0.9730821982788110E+00  0.0000000000000000E+00 -0.2304583159551348E+00
  0.5687116613951252E-01
  0.9425110316468884E+00  0.2419957020920864E+00 -0.2304583159551348E+00
  0.5687116613951252E-01
  0.8527184305834894E+00  0.4687859242237910E+00 -0.2304583159551348E+00
  0.5687116613951252E-01
  0.7093463944475148E+00  0.6661206026624865E+00 -0.2304583159551348E+00
  0.5687116613951252E-01
  0.5214035155548518E+00  0.8216004738156890E+00 -0.2304583159551348E+00
  0.5687116613951252E-01
  0.3006989361918849E+00  0.9254561655638760E+00 -0.2304583159551348E+00
  0.5687116613951252E-01
  0.6110033677465279E-01  0.9711620428399925E+00 -0.2304583159551348E+00
  0.5687116613951252E-01
 -0.1823374215134506E+00  0.9558462372803219E+00 -0.2304583159551348E+00
  0.5687116613951252E-01
 -0.4143182490177358E+00  0.8804710972757712E+00 -0.2304583159551348E+00
  0.5687116613951252E-01
 -0.6202659371803052E+00  0.7497727200832003E+00 -0.2304583159551348E+00
  0.5687116613951252E-01
 -0.7872400353312904E+00  0.5719633654166253E+00 -0.2304583159551348E+00
  0.5687116613951252E-01
 -0.9047489467960876E+00  0.3582154489668102E+00 -0.2304583159551348E+00
  0.5687116613951252E-01
 -0.9654091544998180E+00  0.1219595384341447E+00 -0.2304583159551348E+00
  0.5687116613951252E-01
 -0.9654091544998178E+00 -0.1219595384341449E+00 -0.2304583159551348E+00
  0.5687116613951252E-01
 -0.9047489467960874E+00 -0.3582154489668108E+00 -0.2304583159551348E+00
  0.5687116613951252E-01
 -0.7872400353312903E+00 -0.5719633654166254E+00 -0.2304583159551348E+00
  0.5687116613951252E-01
 -0.6202659371803051E+00 -0.7497727200832004E+00 -0.2304583159551348E+00
  0.5687116613951252E-01
 -0.4143182490177352E+00 -0.8804710972757714E+00 -0.2304583159551348E+00
  0.5687116613951252E-01
 -0.1823374215134504E+00 -0.9558462372803219E+00 -0.2304583159551348E+00
  0.5687116613951252E-01
  0.6110033677465321E-01 -0.9711620428399923E+00 -0.2304583159551348E+00
  0.5687116613951252E-01
  0.3006989361918847E+00 -0.9254561655638761E+00 -0.2304583159551348E+00
  0.5687116613951252E-01
  0.5214035155548519E+00 -0.8216004738156889E+00 -0.2304583159551348E+00
  0.5687116613951252E-01
  0.7093463944475150E+00 -0.6661206026624861E+00 -0.2304583159551348E+00
  0.5687116613951252E-01
  0.8527184305834894E+00 -0.4687859242237910E+00 -0.2304583159551348E+00
  0.5687116613951252E-01
  0.9425110316468884E+00 -0.2419957020920861E+00 -0.2304583159551348E+00
  0.5687116613951252E-01
  0.1000000000000000E+01  0.0000000000000000E+00  0.0000000000000000E+00
  0.5844658009695813E-01
  0.9685831611286313E+00  0.2486898871648549E+00  0.0000000000000000E+00
  0.5844658009695813E-01
  0.8763066800438635E+00  0.4817536741017153E+00  0.0000000000000000E+00
  0.5844658009695813E-01
  0.7289686274214117E+00  0.6845471059286887E+00  0.0000000000000000E+00
  0.5844658009695813E-01
  0.5358267949789965E+00  0.8443279255020151E+00  0.0000000000000000E+00
  0.5844658009695813E-01
  0.3090169943749475E+00  0.9510565162951536E+00  0.0000000000000000E+00
  0.5844658009695813E-01
  0.6279051952931329E-01  0.9980267284282717E+00  0.0000000000000000E+00
  0.5844658009695813E-01
 -0.1873813145857249E+00  0.9822872507286886E+00  0.0000000000000000E+00
  0.5844658009695813E-01
 -0.4257792915650728E+00  0.9048270524660194E+00  0.0000000000000000E+00
  0.5844658009695813E-01
 -0.6374239897486896E+00  0.7705132427757894E+00  0.0000000000000000E+00
  0.5844658009695813E-01
 -0.8090169943749475E+00  0.5877852522924731E+00  0.0000000000000000E+00
  0.5844658009695813E-01
 -0.9297764858882515E+00  0.3681245526846778E+00  0.0000000000000000E+00
  0.5844658009695813E-01
 -0.9921147013144778E+00  0.1253332335643041E+00  0.0000000000000000E+00
  0.5844658009695813E-01
 -0.9921147013144775E+00 -0.1253332335643043E+00  0.0000000000000000E+00
  0.5844658009695813E-01
 -0.9297764858882512E+00 -0.3681245526846784E+00  0.0000000000000000E+00
  0.5844658009695813E-01
 -0.8090169943749473E+00 -0.5877852522924732E+00  0.0000000000000000E+00
  0.5844658009695813E-01
 -0.6374239897486895E+00 -0.7705132427757895E+00  0.0000000000000000E+00
  0.5844658009695813E-01
 -0.4257792915650722E+00 -0.9048270524660196E+00  0.0000000000000000E+00
  0.5844658009695813E-01
 -0.1873813145857247E+00 -0.9822872507286886E+00  0.0000000000000000E+00
  0.5844658009695813E-01
  0.6279051952931372E-01 -0.9980267284282714E+00  0.0000000000000000E+00
  0.5844658009695813E-01
  0.3090169943749473E+00 -0.9510565162951538E+00  0.0000000000000000E+00
  0.5844658009695813E-01
  0.5358267949789967E+00 -0.8443279255020150E+00  0.0000000000000000E+00
  0.5844658009695813E-01
  0.7289686274214119E+00 -0.6845471059286883E+00  0.0000000000000000E+00
  0.5844658009695813E-01
  0.8763066800438635E+00 -0.4817536741017153E+00  0.0000000000000000E+00
  0.5844658009695813E-01
  0.9685831611286313E+00 -0.2486898871648545E+00  0.0000000000000000E+00
  0.5844658009695813E-01
  0.9730821982788110E+00  0.0000000000000000E+00  0.2304583159551348E+00
  0.5687116613952599E-01
  0.9425110316468884E+00  0.2419957020920864E+00  0.2304583159551348E+00
  0.5687116613952599E-01
  0.8527184305834894E+00  0.4687859242237910E+00  0.2304583159551348E+00
  0.5687116613952599E-01
  0.7093463944475148E+00  0.6661206026624865E+00  0.2304583159551348E+00
  0.5687116613952599E-01
  0.5214035155548518E+00  0.8216004738156890E+00  0.2304583159551348E+00
  0.5687116613952599E-01
  0.3006989361918849E+00  0.9254561655638760E+00  0.2304583159551348E+00
  0.5687116613952599E-01
  0.6110033677465279E-01  0.9711620428399925E+00  0.2304583159551348E+00
  0.5687116613952599E-01
 -0.1823374215134506E+00  0.9558462372803219E+00  0.2304583159551348E+00
  0.5687116613952599E-01
 -0.4143182490177358E+00  0.8804710972757712E+00  0.2304583159551348E+00
  0.5687116613952599E-01
 -0.6202659371803052E+00  0.7497727200832003E+00  0.2304583159551348E+00
  0.5687116613952599E-01
 -0.7872400353312904E+00  0.5719633654166253E+00  0.2304583159551348E+00
  0.5687116613952599E-01
 -0.9047489467960876E+00  0.3582154489668102E+00  0.2304583159551348E+00
  0.5687116613952599E-01
 -0.9654091544998180E+00  0.1219595384341447E+00  0.2304583159551348E+00
  0.5687116613952599E-01
 -0.9654091544998178E+00 -0.1219595384341449E+00  0.2304583159551348E+00
  0.5687116613952599E-01
 -0.9047489467960874E+00 -0.3582154489668108E+00  0.2304583159551348E+00
  0.5687116613952599E-01
 -0.7872400353312903E+00 -0.5719633654166254E+00  0.2304583159551348E+00
  0.5687116613952599E-01
 -0.6202659371803051E+00 -0.7497727200832004E+00  0.2304583159551348E+00
  0.5687116613952599E-01
 -0.4143182490177352E+00 -0.8804710972757714E+00  0.2304583159551348E+00
  0.5687116613952599E-01
 -0.1823374215134504E+00 -0.9558462372803219E+00  0.2304583159551348E+00
  0.5687116613952599E-01
  0.6110033677465321E-01 -0.9711620428399923E+00  0.2304583159551348E+00
  0.5687116613952599E-01
  0.3006989361918847E+00 -0.9254561655638761E+00  0.2304583159551348E+00
  0.5687116613952599E-01
  0.5214035155548519E+00 -0.8216004738156889E+00  0.2304583159551348E+00
  0.5687116613952599E-01
  0.7093463944475150E+00 -0.6661206026624861E+00  0.2304583159551348E+00
  0.5687116613952599E-01
  0.8527184305834894E+00 -0.4687859242237910E+00  0.2304583159551348E+00
  0.5687116613952599E-01
  0.9425110316468884E+00 -0.2419957020920861E+00  0.2304583159551348E+00
  0.5687116613952599E-01
  0.8937864690560937E+00  0.0000000000000000E+00  0.4484927510364469E+00
  0.5222986945923711E-01
  0.8657065235723489E+00  0.2222756561390340E+00  0.4484927510364469E+00
  0.5222986945923711E-01
  0.7832310533666728E+00  0.4305849153301722E+00  0.4484927510364469E+00
  0.5222986945923711E-01
  0.6515422955556507E+00  0.6118389407105704E+00  0.4484927510364469E+00
  0.5222986945923711E-01
  0.4789147391099208E+00  0.7546488752599025E+00  0.4484927510364469E+00
  0.5222986945923711E-01
  0.2761952082807111E+00  0.8500414455722346E+00  0.4484927510364469E+00
  0.5222986945923711E-01
  0.5612131674030262E-01  0.8920227856255099E+00  0.4484927510364469E+00
  0.5222986945923711E-01
 -0.1674788835306641E+00  0.8779550534276124E+00  0.4484927510364469E+00
  0.5222986945923711E-01
 -0.3805557696051514E+00  0.8087221763300363E+00  0.4484927510364469E+00
  0.5222986945923711E-01
 -0.5697209370891290E+00  0.6886743106215335E+00  0.4484927510364469E+00
  0.5222986945923711E-01
 -0.7230884428087579E+00  0.5253545052097348E+00  0.4484927510364469E+00
  0.5222986945923711E-01
 -0.8310216423334432E+00  0.3290247441168921E+00  0.4484927510364469E+00
  0.5222986945923711E-01
 -0.8867386957865081E+00  0.1120211482828220E+00  0.4484927510364469E+00
  0.5222986945923711E-01
 -0.8867386957865080E+00 -0.1120211482828222E+00  0.4484927510364469E+00
  0.5222986945923711E-01
 -0.8310216423334430E+00 -0.3290247441168926E+00  0.4484927510364469E+00
  0.5222986945923711E-01
 -0.7230884428087578E+00 -0.5253545052097349E+00  0.4484927510364469E+00
  0.5222986945923711E-01
 -0.5697209370891289E+00 -0.6886743106215336E+00  0.4484927510364469E+00
  0.5222986945923711E-01
 -0.3805557696051509E+00 -0.8087221763300365E+00  0.4484927510364469E+00
  0.5222986945923711E-01
 -0.1674788835306640E+00 -0.8779550534276124E+00  0.4484927510364469E+00
  0.5222986945923711E-01
  0.5612131674030300E-01 -0.8920227856255096E+00  0.4484927510364469E+00
  0.5222986945923711E-01
  0.2761952082807109E+00 -0.8500414455722347E+00  0.4484927510364469E+00
  0.5222986945923711E-01
  0.4789147391099209E+00 -0.7546488752599025E+00  0.4484927510364469E+00
  0.5222986945923711E-01
  0.6515422955556509E+00 -0.6118389407105701E+00  0.4484927510364469E+00
  0.5222986945923711E-01
  0.7832310533666728E+00 -0.4305849153301722E+00  0.4484927510364469E+00
  0.5222986945923711E-01
  0.8657065235723489E+00 -0.2222756561390337E+00  0.4484927510364469E+00
  0.5222986945923711E-01
  0.7664119819787256E+00  0.0000000000000000E+00  0.6423493394403403E+00
  0.4477296835423952E-01
  0.7423337402318136E+00  0.1905989093200821E+00  0.6423493394403403E+00
  0.4477296835423952E-01
  0.6716119394736144E+00  0.3692217881938287E+00  0.6423493394403403E+00
  0.4477296835423952E-01
  0.5586902905423553E+00  0.5246451042126070E+00  0.6423493394403403E+00
  0.4477296835423952E-01
  0.4106640759371610E+00  0.6471030388239851E+00  0.6423493394403403E+00
  0.4477296835423952E-01
  0.2368343271240122E+00  0.7289011096275508E+00  0.6423493394403403E+00
  0.4477296835423952E-01
  0.4812340652193488E-01  0.7648996430024551E+00  0.6423493394403403E+00
  0.4477296835423952E-01
 -0.1436112846974245E+00  0.7528367187034076E+00  0.6423493394403403E+00
  0.4477296835423952E-01
 -0.3263223507338851E+00  0.6934702946284502E+00  0.6423493394403403E+00
  0.4477296835423952E-01
 -0.4885293833440801E+00  0.5905305815366477E+00  0.6423493394403403E+00
  0.4477296835423952E-01
 -0.6200403181133750E+00  0.4504856601873396E+00  0.6423493394403403E+00
  0.4477296835423952E-01
 -0.7125918393468295E+00  0.2821350680380957E+00  0.6423493394403403E+00
  0.4477296835423952E-01
 -0.7603685945846603E+00  0.9605689194382083E-01  0.6423493394403403E+00
  0.4477296835423952E-01
 -0.7603685945846601E+00 -0.9605689194382101E-01  0.6423493394403403E+00
  0.4477296835423952E-01
 -0.7125918393468292E+00 -0.2821350680380961E+00  0.6423493394403403E+00
  0.4477296835423952E-01
 -0.6200403181133749E+00 -0.4504856601873397E+00  0.6423493394403403E+00
  0.4477296835423952E-01
 -0.4885293833440800E+00 -0.5905305815366478E+00  0.6423493394403403E+00
  0.4477296835423952E-01
 -0.3263223507338847E+00 -0.6934702946284504E+00  0.6423493394403403E+00
  0.4477296835423952E-01
 -0.1436112846974243E+00 -0.7528367187034076E+00  0.6423493394403403E+00
  0.4477296835423952E-01
  0.4812340652193520E-01 -0.7648996430024548E+00  0.6423493394403403E+00
  0.4477296835423952E-01
  0.2368343271240121E+00 -0.7289011096275509E+00  0.6423493394403403E+00
  0.4477296835423952E-01
  0.4106640759371611E+00 -0.6471030388239851E+00  0.6423493394403403E+00
  0.4477296835423952E-01
  0.5586902905423555E+00 -0.5246451042126066E+00  0.6423493394403403E+00
  0.4477296835423952E-01
  0.6716119394736144E+00 -0.3692217881938287E+00  0.6423493394403403E+00
  0.4477296835423952E-01
  0.7423337402318136E+00 -0.1905989093200818E+00  0.6423493394403403E+00
  0.4477296835423952E-01
  0.5978900939607058E+00  0.0000000000000000E+00  0.8015780907333099E+00
  0.3490271995878819E-01
  0.5791062772159549E+00  0.1486892200040724E+00  0.8015780907333099E+00
  0.3490271995878819E-01
  0.5239350832698196E+00  0.2880357494745898E+00  0.8015780907333099E+00
  0.3490271995878819E-01
  0.4358431211433946E+00  0.4092839334842329E+00  0.8015780907333099E+00
  0.3490271995878819E-01
  0.3203655327966561E+00  0.5048153027120476E+00  0.8015780907333099E+00
  0.3490271995878819E-01
  0.1847581998022923E+00  0.5686272698896510E+00  0.8015780907333099E+00
  0.3490271995878819E-01
  0.3754182962122266E-01  0.5967102944352751E+00  0.8015780907333099E+00
  0.3490271995878819E-01
 -0.1120334317841396E+00  0.5872998166345790E+00  0.8015780907333099E+00
  0.3490271995878819E-01
 -0.2545692206403641E+00  0.5409871314170968E+00  0.8015780907333099E+00
  0.3490271995878819E-01
 -0.3811094891236520E+00  0.4606822351211848E+00  0.8015780907333099E+00
  0.3490271995878819E-01
 -0.4837032467826451E+00  0.3514309797218639E+00  0.8015780907333099E+00
  0.3490271995878819E-01
 -0.5559041505101815E+00  0.2200980233938848E+00  0.8015780907333099E+00
  0.3490271995878819E-01
 -0.5931755519887106E+00  0.7493549879216085E-01  0.8015780907333099E+00
  0.3490271995878819E-01
 -0.5931755519887105E+00 -0.7493549879216099E-01  0.8015780907333099E+00
  0.3490271995878819E-01
 -0.5559041505101814E+00 -0.2200980233938852E+00  0.8015780907333099E+00
  0.3490271995878819E-01
 -0.4837032467826451E+00 -0.3514309797218640E+00  0.8015780907333099E+00
  0.3490271995878819E-01
 -0.3811094891236519E+00 -0.4606822351211849E+00  0.8015780907333099E+00
  0.3490271995878819E-01
 -0.2545692206403637E+00 -0.5409871314170970E+00  0.8015780907333099E+00
  0.3490271995878819E-01
 -0.1120334317841395E+00 -0.5872998166345790E+00  0.8015780907333099E+00
  0.3490271995878819E-01
  0.3754182962122291E-01 -0.5967102944352750E+00  0.8015780907333099E+00
  0.3490271995878819E-01
  0.1847581998022921E+00 -0.5686272698896510E+00  0.8015780907333099E+00
  0.3490271995878819E-01
  0.3203655327966561E+00 -0.5048153027120476E+00  0.8015780907333099E+00
  0.3490271995878819E-01
  0.4358431211433947E+00 -0.4092839334842326E+00  0.8015780907333099E+00
  0.3490271995878819E-01
  0.5239350832698196E+00 -0.2880357494745898E+00  0.8015780907333099E+00
  0.3490271995878819E-01
  0.5791062772159549E+00 -0.1486892200040722E+00  0.8015780907333099E+00
  0.3490271995878819E-01
  0.3975087140471620E+00  0.0000000000000000E+00  0.9175983992229779E+00
  0.2315265817022557E-01
  0.3850202468279774E+00  0.9885639724343528E-01  0.9175983992229779E+00
  0.2315265817022557E-01
  0.3483395414951740E+00  0.1915012834796684E+00  0.9175983992229779E+00
  0.2315265817022557E-01
  0.2897713816670101E+00  0.2721134397824195E+00  0.9175983992229779E+00
  0.2315265817022557E-01
  0.2129958202241133E+00  0.3356277079004140E+00  0.9175983992229779E+00
  0.2315265817022557E-01
  0.1228369480527045E+00  0.3780532527786603E+00  0.9175983992229779E+00
  0.2315265817022557E-01
  0.2495977867245054E-01  0.3967243214022185E+00  0.9175983992229779E+00
  0.2315265817022557E-01
 -0.7448570539743821E-01  0.3904677418620832E+00  0.9175983992229779E+00
  0.2315265817022557E-01
 -0.1692509786579438E+00  0.3596766380608514E+00  0.9175983992229779E+00
  0.2315265817022557E-01
 -0.2533815904678130E+00  0.3062857282921128E+00  0.9175983992229779E+00
  0.2315265817022557E-01
 -0.3215913050762855E+00  0.2336497597746677E+00  0.9175983992229779E+00
  0.2315265817022557E-01
 -0.3695942552567281E+00  0.1463327175468730E+00  0.9175983992229779E+00
  0.2315265817022557E-01
 -0.3943742391068023E+00  0.4982105250151913E-01  0.9175983992229779E+00
  0.2315265817022557E-01
 -0.3943742391068022E+00 -0.4982105250151921E-01  0.9175983992229779E+00
  0.2315265817022557E-01
 -0.3695942552567281E+00 -0.1463327175468732E+00  0.9175983992229779E+00
  0.2315265817022557E-01
 -0.3215913050762854E+00 -0.2336497597746677E+00  0.9175983992229779E+00
  0.2315265817022557E-01
 -0.2533815904678129E+00 -0.3062857282921128E+00  0.9175983992229779E+00
  0.2315265817022557E-01
 -0.1692509786579435E+00 -0.3596766380608515E+00  0.9175983992229779E+00
  0.2315265817022557E-01
 -0.7448570539743814E-01 -0.3904677418620832E+00  0.9175983992229779E+00
  0.2315265817022557E-01
  0.2495977867245071E-01 -0.3967243214022184E+00  0.9175983992229779E+00
  0.2315265817022557E-01
  0.1228369480527044E+00 -0.3780532527786604E+00  0.9175983992229779E+00
  0.2315265817022557E-01
  0.2129958202241133E+00 -0.3356277079004140E+00  0.9175983992229779E+00
  0.2315265817022557E-01
  0.2897713816670102E+00 -0.2721134397824193E+00  0.9175983992229779E+00
  0.2315265817022557E-01
  0.3483395414951740E+00 -0.1915012834796684E+00  0.9175983992229779E+00
  0.2315265817022557E-01
  0.3850202468279774E+00 -0.9885639724343515E-01  0.9175983992229779E+00
  0.2315265817022557E-01
  0.1771544941704528E+00  0.0000000000000000E+00  0.9841830547185879E+00
  0.1017474015669018E-01
  0.1715888599717608E+00  0.4405653116599684E-01  0.9841830547185879E+00
  0.1017474015669018E-01
  0.1552416666413594E+00  0.8534482845024653E-01  0.9841830547185879E+00
  0.1017474015669018E-01
  0.1291400684569694E+00  0.1212705962866442E+00  0.9841830547185879E+00
  0.1017474015669018E-01
  0.9492412482747904E-01  0.1495764865562972E+00  0.9841830547185879E+00
  0.1017474015669018E-01
  0.5474374932856748E-01  0.1684839360717809E+00  0.9841830547185879E+00
  0.1017474015669018E-01
  0.1112362272591543E-01  0.1768049202433023E+00  0.9841830547185879E+00
  0.1017474015669018E-01
 -0.3319544200242857E-01  0.1740166010329256E+00  0.9841830547185879E+00
  0.1017474015669018E-01
 -0.7542871502546421E-01  0.1602941787913594E+00  0.9841830547185879E+00
  0.1017474015669018E-01
 -0.1129225244760410E+00  0.1364998837755803E+00  0.9841830547185879E+00
  0.1017474015669018E-01
 -0.1433209964137939E+00  0.1041287990507251E+00  0.9841830547185879E+00
  0.1017474015669018E-01
 -0.1647140830491143E+00  0.6521491892257829E-01  0.9841830547185879E+00
  0.1017474015669018E-01
 -0.1757575780704362E+00  0.2220334559483151E-01  0.9841830547185879E+00
  0.1017474015669018E-01
 -0.1757575780704361E+00 -0.2220334559483154E-01  0.9841830547185879E+00
  0.1017474015669018E-01
 -0.1647140830491143E+00 -0.6521491892257840E-01  0.9841830547185879E+00
  0.1017474015669018E-01
 -0.1433209964137938E+00 -0.1041287990507251E+00  0.9841830547185879E+00
  0.1017474015669018E-01
 -0.1129225244760410E+00 -0.1364998837755803E+00  0.9841830547185879E+00
  0.1017474015669018E-01
 -0.7542871502546410E-01 -0.1602941787913594E+00  0.9841830547185879E+00
  0.1017474015669018E-01
 -0.3319544200242854E-01 -0.1740166010329256E+00  0.9841830547185879E+00
  0.1017474015669018E-01
  0.1112362272591551E-01 -0.1768049202433023E+00  0.9841830547185879E+00
  0.1017474015669018E-01
  0.5474374932856744E-01 -0.1684839360717809E+00  0.9841830547185879E+00
  0.1017474015669018E-01
  0.9492412482747907E-01 -0.1495764865562972E+00  0.9841830547185879E+00
  0.1017474015669018E-01
  0.1291400684569695E+00 -0.1212705962866441E+00  0.9841830547185879E+00
  0.1017474015669018E-01
  0.1552416666413594E+00 -0.8534482845024653E-01  0.9841830547185879E+00
  0.1017474015669018E-01
  0.1715888599717608E+00 -0.4405653116599678E-01  0.9841830547185879E+00
  0.1017474015669018E-01
