#     Radial coefficients Phi_{h} of D_{h} in the harmonic 
#     expansion of the Coulomb potential divided by r^{\ell}
#     Phi(1) is from \int_{0}^{r} {r\Pr^{\ell} \over r^{\ell+1}} ...
#     Phi(2) is from \int_{r}^{S} {r^{\ell} \over r\Pr^{\ell+1}} ...
#     Phi(out) is from V_{ext}(S)
# type = 0
# h = 0 (l = 0)
@ type xy
 0  248.961418453956  .000001539436512  246.858606872419  2.10281004209989
 1  248.961418409369  .000001617188310  246.858606750081  2.10281004209989
 2  248.961418373641  .000001698835852  246.858606632705  2.10281004209989
 3  248.961418325716  .000001784575088  246.858606499041  2.10281004209989
 4  248.961418281988  .000001874611802  246.858606365276  2.10281004209989
 5  248.961418233298  .000001969162111  246.858606222036  2.10281004209989
 6  248.961418183666  .000002068452979  246.858606073113  2.10281004209989
 7  248.961418128763  .000002172722767  246.858605913940  2.10281004209989
 8  248.961418076622  .000002282221800  246.858605752300  2.10281004209989
 9  248.961418013004  .000002397212972  246.858605573691  2.10281004209989
 10  248.961417957290  .000002517972378  246.858605397218  2.10281004209989
 11  248.961417888378  .000002644789972  246.858605201488  2.10281004209989
 12  248.961417822609  .000002777970268  246.858605002539  2.10281004209989
 13  248.961417750774  .000002917833071  246.858604790841  2.10281004209989
 14  248.961417676835  .000003064714241  246.858604570021  2.10281004209989
 15  248.961417596406  .000003218966504  246.858604335339  2.10281004209989
 16  248.961417517458  .000003380960297  246.858604094397  2.10281004209989
 17  248.961417425688  .000003551084657  246.858603832503  2.10281004209989
 18  248.961417340409  .000003729748157  246.858603568561  2.10281004209989
 19  248.961417240449  .000003917379884  246.858603280969  2.10281004209989
&
# h = 1 (l = 3)
@ type xy
 0  .043864541408990  .000000000000000  .000000000000000  .043864541408990
 1  .043864541408990  .000000000000000  .000000000000000  .043864541408990
 2  .043864541408990  .000000000000000  .000000000000000  .043864541408990
 3  .043864541408990  .000000000000000  .000000000000000  .043864541408990
 4  .043864541408990  .000000000000000  .000000000000000  .043864541408990
 5  .043864541408990  .000000000000000  .000000000000000  .043864541408990
 6  .043864541408990  .000000000000000  .000000000000000  .043864541408990
 7  .043864541408990  .000000000000000  .000000000000000  .043864541408990
 8  .043864541408990  .000000000000000  .000000000000000  .043864541408990
 9  .043864541408990  .000000000000000  .000000000000000  .043864541408990
 10  .043864541408990  .000000000000000  .000000000000000  .043864541408990
 11  .043864541408990  .000000000000000  .000000000000000  .043864541408990
 12  .043864541408990  .000000000000000  .000000000000000  .043864541408990
 13  .043864541408990  .000000000000000  .000000000000000  .043864541408990
 14  .043864541408990  .000000000000000  .000000000000000  .043864541408990
 15  .043864541408990  .000000000000000  .000000000000000  .043864541408990
 16  .043864541408990  .000000000000000  .000000000000000  .043864541408990
 17  .043864541408990  .000000000000000  .000000000000000  .043864541408990
 18  .043864541408990  .000000000000000  .000000000000000  .043864541408990
 19  .043864541408990  .000000000000000  .000000000000000  .043864541408990
&
# h = 2 (l = 4)
@ type xy
 0  .140310383914920  .000000000000000  .000000000000000  .140310383914920
 1  .140310383914920  .000000000000000  .000000000000000  .140310383914920
 2  .140310383914920  .000000000000000  .000000000000000  .140310383914920
 3  .140310383914920  .000000000000000  .000000000000000  .140310383914920
 4  .140310383914920  .000000000000000  .000000000000000  .140310383914920
 5  .140310383914920  .000000000000000  .000000000000000  .140310383914920
 6  .140310383914920  .000000000000000  .000000000000000  .140310383914920
 7  .140310383914920  .000000000000000  .000000000000000  .140310383914920
 8  .140310383914920  .000000000000000  .000000000000000  .140310383914920
 9  .140310383914920  .000000000000000  .000000000000000  .140310383914920
 10  .140310383914920  .000000000000000  .000000000000000  .140310383914920
 11  .140310383914920  .000000000000000  .000000000000000  .140310383914920
 12  .140310383914920  .000000000000000  .000000000000000  .140310383914920
 13  .140310383914920  .000000000000000  .000000000000000  .140310383914920
 14  .140310383914920  .000000000000000  .000000000000000  .140310383914920
 15  .140310383914920  .000000000000000  .000000000000000  .140310383914920
 16  .140310383914920  .000000000000000  .000000000000000  .140310383914920
 17  .140310383914920  .000000000000000  .000000000000000  .140310383914920
 18  .140310383914920  .000000000000000  .000000000000000  .140310383914920
 19  .140310383914920  .000000000000000  .000000000000000  .140310383914920
&
# h = 3 (l = 6)
@ type xy
 0 -.077247182771727  .000000000000000  .000000000000000 -.077247182771727
 1 -.077247182771727  .000000000000000  .000000000000000 -.077247182771727
 2 -.077247182771727  .000000000000000  .000000000000000 -.077247182771727
 3 -.077247182771727  .000000000000000  .000000000000000 -.077247182771727
 4 -.077247182771727  .000000000000000  .000000000000000 -.077247182771727
 5 -.077247182771727  .000000000000000  .000000000000000 -.077247182771727
 6 -.077247182771727  .000000000000000  .000000000000000 -.077247182771727
 7 -.077247182771727  .000000000000000  .000000000000000 -.077247182771727
 8 -.077247182771727  .000000000000000  .000000000000000 -.077247182771727
 9 -.077247182771727  .000000000000000  .000000000000000 -.077247182771727
 10 -.077247182771727  .000000000000000  .000000000000000 -.077247182771727
 11 -.077247182771727  .000000000000000  .000000000000000 -.077247182771727
 12 -.077247182771727  .000000000000000  .000000000000000 -.077247182771727
 13 -.077247182771727  .000000000000000  .000000000000000 -.077247182771727
 14 -.077247182771727  .000000000000000  .000000000000000 -.077247182771727
 15 -.077247182771727  .000000000000000  .000000000000000 -.077247182771727
 16 -.077247182771727  .000000000000000  .000000000000000 -.077247182771727
 17 -.077247182771727  .000000000000000  .000000000000000 -.077247182771727
 18 -.077247182771727  .000000000000000  .000000000000000 -.077247182771727
 19 -.077247182771727  .000000000000000  .000000000000000 -.077247182771727
&
# h = 4 (l = 7)
@ type xy
 0 -.001280823866988  .000000000000000  .000000000000000 -.001280823866988
 1 -.001280823866988  .000000000000000  .000000000000000 -.001280823866988
 2 -.001280823866988  .000000000000000  .000000000000000 -.001280823866988
 3 -.001280823866988  .000000000000000  .000000000000000 -.001280823866988
 4 -.001280823866988  .000000000000000  .000000000000000 -.001280823866988
 5 -.001280823866988  .000000000000000  .000000000000000 -.001280823866988
 6 -.001280823866988  .000000000000000  .000000000000000 -.001280823866988
 7 -.001280823866988  .000000000000000  .000000000000000 -.001280823866988
 8 -.001280823866988  .000000000000000  .000000000000000 -.001280823866988
 9 -.001280823866988  .000000000000000  .000000000000000 -.001280823866988
 10 -.001280823866988  .000000000000000  .000000000000000 -.001280823866988
 11 -.001280823866988  .000000000000000  .000000000000000 -.001280823866988
 12 -.001280823866988  .000000000000000  .000000000000000 -.001280823866988
 13 -.001280823866988  .000000000000000  .000000000000000 -.001280823866988
 14 -.001280823866988  .000000000000000  .000000000000000 -.001280823866988
 15 -.001280823866988  .000000000000000  .000000000000000 -.001280823866988
 16 -.001280823866988  .000000000000000  .000000000000000 -.001280823866988
 17 -.001280823866988  .000000000000000  .000000000000000 -.001280823866988
 18 -.001280823866988  .000000000000000  .000000000000000 -.001280823866988
 19 -.001280823866988  .000000000000000  .000000000000000 -.001280823866988
&
# h = 5 (l = 8)
@ type xy
 0 -.010150774475656  .000000000000000  .000000000000000 -.010150774475656
 1 -.010150774475656  .000000000000000  .000000000000000 -.010150774475656
 2 -.010150774475656  .000000000000000  .000000000000000 -.010150774475656
 3 -.010150774475656  .000000000000000  .000000000000000 -.010150774475656
 4 -.010150774475656  .000000000000000  .000000000000000 -.010150774475656
 5 -.010150774475656  .000000000000000  .000000000000000 -.010150774475656
 6 -.010150774475656  .000000000000000  .000000000000000 -.010150774475656
 7 -.010150774475656  .000000000000000  .000000000000000 -.010150774475656
 8 -.010150774475656  .000000000000000  .000000000000000 -.010150774475656
 9 -.010150774475656  .000000000000000  .000000000000000 -.010150774475656
 10 -.010150774475656  .000000000000000  .000000000000000 -.010150774475656
 11 -.010150774475656  .000000000000000  .000000000000000 -.010150774475656
 12 -.010150774475656  .000000000000000  .000000000000000 -.010150774475656
 13 -.010150774475656  .000000000000000  .000000000000000 -.010150774475656
 14 -.010150774475656  .000000000000000  .000000000000000 -.010150774475656
 15 -.010150774475656  .000000000000000  .000000000000000 -.010150774475656
 16 -.010150774475656  .000000000000000  .000000000000000 -.010150774475656
 17 -.010150774475656  .000000000000000  .000000000000000 -.010150774475656
 18 -.010150774475656  .000000000000000  .000000000000000 -.010150774475656
 19 -.010150774475656  .000000000000000  .000000000000000 -.010150774475656
&
# type = 1
# h = 0 (l = 0)
@ type xy
 0  235.718297379327  .000001459123394  233.369177012617  2.34911890758650
 1  235.718297337731  .000001532901176  233.369176897243  2.34911890758650
 2  235.718297299896  .000001610381852  233.369176781928  2.34911890758650
 3  235.718297258255  .000001691751934  233.369176658917  2.34911890758650
 4  235.718297215819  .000001777207309  233.369176531025  2.34911890758650
 5  235.718297168086  .000001866953715  233.369176393546  2.34911890758650
 6  235.718297124268  .000001961207231  233.369176255474  2.34911890758650
 7  235.718297068298  .000002060194805  233.369176100517  2.34911890758650
 8  235.718297021593  .000002164154792  233.369175949852  2.34911890758650
 9  235.718296961932  .000002273337535  233.369175781008  2.34911890758650
 10  235.718296905126  .000002388005965  233.369175609533  2.34911890758650
 11  235.718296843560  .000002508436233  233.369175427537  2.34911890758650
 12  235.718296780197  .000002634918378  233.369175237693  2.34911890758650
 13  235.718296710487  .000002767757024  233.369175035144  2.34911890758650
 14  235.718296643588  .000002907272113  233.369174828730  2.34911890758650
 15  235.718296563378  .000003053799678  233.369174601992  2.34911890758650
 16  235.718296491213  .000003207692648  233.369174375934  2.34911890758650
 17  235.718296404814  .000003369321703  233.369174127905  2.34911890758650
 18  235.718296319925  .000003539076163  233.369173873262  2.34911890758650
 19  235.718296228865  .000003717364928  233.369173603913  2.34911890758650
&
# h = 1 (l = 4)
@ type xy
 0  .063449687154143  .000000000000000  .000000000000000  .063449687154143
 1  .063449687154143  .000000000000000  .000000000000000  .063449687154143
 2  .063449687154143  .000000000000000  .000000000000000  .063449687154143
 3  .063449687154143  .000000000000000  .000000000000000  .063449687154143
 4  .063449687154143  .000000000000000  .000000000000000  .063449687154143
 5  .063449687154143  .000000000000000  .000000000000000  .063449687154143
 6  .063449687154143  .000000000000000  .000000000000000  .063449687154143
 7  .063449687154143  .000000000000000  .000000000000000  .063449687154143
 8  .063449687154143  .000000000000000  .000000000000000  .063449687154143
 9  .063449687154143  .000000000000000  .000000000000000  .063449687154143
 10  .063449687154143  .000000000000000  .000000000000000  .063449687154143
 11  .063449687154143  .000000000000000  .000000000000000  .063449687154143
 12  .063449687154143  .000000000000000  .000000000000000  .063449687154143
 13  .063449687154143  .000000000000000  .000000000000000  .063449687154143
 14  .063449687154143  .000000000000000  .000000000000000  .063449687154143
 15  .063449687154143  .000000000000000  .000000000000000  .063449687154143
 16  .063449687154143  .000000000000000  .000000000000000  .063449687154143
 17  .063449687154143  .000000000000000  .000000000000000  .063449687154143
 18  .063449687154143  .000000000000000  .000000000000000  .063449687154143
 19  .063449687154143  .000000000000000  .000000000000000  .063449687154143
&
# h = 2 (l = 6)
@ type xy
 0 -.068118192115879  .000000000000000  .000000000000000 -.068118192115879
 1 -.068118192115879  .000000000000000  .000000000000000 -.068118192115879
 2 -.068118192115879  .000000000000000  .000000000000000 -.068118192115879
 3 -.068118192115879  .000000000000000  .000000000000000 -.068118192115879
 4 -.068118192115879  .000000000000000  .000000000000000 -.068118192115879
 5 -.068118192115879  .000000000000000  .000000000000000 -.068118192115879
 6 -.068118192115879  .000000000000000  .000000000000000 -.068118192115879
 7 -.068118192115879  .000000000000000  .000000000000000 -.068118192115879
 8 -.068118192115879  .000000000000000  .000000000000000 -.068118192115879
 9 -.068118192115879  .000000000000000  .000000000000000 -.068118192115879
 10 -.068118192115879  .000000000000000  .000000000000000 -.068118192115879
 11 -.068118192115879  .000000000000000  .000000000000000 -.068118192115879
 12 -.068118192115879  .000000000000000  .000000000000000 -.068118192115879
 13 -.068118192115879  .000000000000000  .000000000000000 -.068118192115879
 14 -.068118192115879  .000000000000000  .000000000000000 -.068118192115879
 15 -.068118192115879  .000000000000000  .000000000000000 -.068118192115879
 16 -.068118192115879  .000000000000000  .000000000000000 -.068118192115879
 17 -.068118192115879  .000000000000000  .000000000000000 -.068118192115879
 18 -.068118192115879  .000000000000000  .000000000000000 -.068118192115879
 19 -.068118192115879  .000000000000000  .000000000000000 -.068118192115879
&
# h = 3 (l = 8)
@ type xy
 0 -.009676758081353  .000000000000000  .000000000000000 -.009676758081353
 1 -.009676758081353  .000000000000000  .000000000000000 -.009676758081353
 2 -.009676758081353  .000000000000000  .000000000000000 -.009676758081353
 3 -.009676758081353  .000000000000000  .000000000000000 -.009676758081353
 4 -.009676758081353  .000000000000000  .000000000000000 -.009676758081353
 5 -.009676758081353  .000000000000000  .000000000000000 -.009676758081353
 6 -.009676758081353  .000000000000000  .000000000000000 -.009676758081353
 7 -.009676758081353  .000000000000000  .000000000000000 -.009676758081353
 8 -.009676758081353  .000000000000000  .000000000000000 -.009676758081353
 9 -.009676758081353  .000000000000000  .000000000000000 -.009676758081353
 10 -.009676758081353  .000000000000000  .000000000000000 -.009676758081353
 11 -.009676758081353  .000000000000000  .000000000000000 -.009676758081353
 12 -.009676758081353  .000000000000000  .000000000000000 -.009676758081353
 13 -.009676758081353  .000000000000000  .000000000000000 -.009676758081353
 14 -.009676758081353  .000000000000000  .000000000000000 -.009676758081353
 15 -.009676758081353  .000000000000000  .000000000000000 -.009676758081353
 16 -.009676758081353  .000000000000000  .000000000000000 -.009676758081353
 17 -.009676758081353  .000000000000000  .000000000000000 -.009676758081353
 18 -.009676758081353  .000000000000000  .000000000000000 -.009676758081353
 19 -.009676758081353  .000000000000000  .000000000000000 -.009676758081353
&
# type = 2
# h = 0 (l = 0)
@ type xy
 0  90.7303452638091  .000000685614230  87.8896850444126  2.84065953378229
 1  90.7303452446435  .000000720644799  87.8896849902164  2.84065953378229
 2  90.7303452286915  .000000757461844  87.8896849374474  2.84065953378229
 3  90.7303452059514  .000000796156546  87.8896848760125  2.84065953378229
 4  90.7303451890761  .000000836824739  87.8896848184691  2.84065953378229
 5  90.7303451649827  .000000879567145  87.8896847516332  2.84065953378229
 6  90.7303451436297  .000000924489625  87.8896846853578  2.84065953378229
 7  90.7303451193645  .000000971703439  87.8896846138788  2.84065953378229
 8  90.7303450953359  .000001021325524  87.8896845402281  2.84065953378229
 9  90.7303450675653  .000001073478783  87.8896844603042  2.84065953378229
 10  90.7303450425694  .000001128292386  87.8896843804947  2.84065953378229
 11  90.7303450103240  .000001185902095  87.8896842906396  2.84065953378229
 12  90.7303449834586  .000001246450597  87.8896842032257  2.84065953378229
 13  90.7303449488655  .000001310087858  87.8896841049954  2.84065953378229
 14  90.7303449164773  .000001376971494  87.8896840057235  2.84065953378229
 15  90.7303448806139  .000001447267163  87.8896838995645  2.84065953378229
 16  90.7303448443955  .000001521148970  87.8896837894643  2.84065953378229
 17  90.7303448038132  .000001598799907  87.8896836712310  2.84065953378229
 18  90.7303447653521  .000001680412296  87.8896835511575  2.84065953378229
 19  90.7303447189546  .000001766188272  87.8896834189840  2.84065953378229
&
# h = 1 (l = 4)
@ type xy
 0  .053279206570391  .000000000000000  .000000000000000  .053279206570391
 1  .053279206570391  .000000000000000  .000000000000000  .053279206570391
 2  .053279206570391  .000000000000000  .000000000000000  .053279206570391
 3  .053279206570391  .000000000000000  .000000000000000  .053279206570391
 4  .053279206570391  .000000000000000  .000000000000000  .053279206570391
 5  .053279206570391  .000000000000000  .000000000000000  .053279206570391
 6  .053279206570391  .000000000000000  .000000000000000  .053279206570391
 7  .053279206570391  .000000000000000  .000000000000000  .053279206570391
 8  .053279206570391  .000000000000000  .000000000000000  .053279206570391
 9  .053279206570391  .000000000000000  .000000000000000  .053279206570391
 10  .053279206570391  .000000000000000  .000000000000000  .053279206570391
 11  .053279206570391  .000000000000000  .000000000000000  .053279206570391
 12  .053279206570391  .000000000000000  .000000000000000  .053279206570391
 13  .053279206570391  .000000000000000  .000000000000000  .053279206570391
 14  .053279206570391  .000000000000000  .000000000000000  .053279206570391
 15  .053279206570391  .000000000000000  .000000000000000  .053279206570391
 16  .053279206570391  .000000000000000  .000000000000000  .053279206570391
 17  .053279206570391  .000000000000000  .000000000000000  .053279206570391
 18  .053279206570391  .000000000000000  .000000000000000  .053279206570391
 19  .053279206570391  .000000000000000  .000000000000000  .053279206570391
&
# h = 2 (l = 6)
@ type xy
 0 -.037072225472203  .000000000000000  .000000000000000 -.037072225472203
 1 -.037072225472203  .000000000000000  .000000000000000 -.037072225472203
 2 -.037072225472203  .000000000000000  .000000000000000 -.037072225472203
 3 -.037072225472203  .000000000000000  .000000000000000 -.037072225472203
 4 -.037072225472203  .000000000000000  .000000000000000 -.037072225472203
 5 -.037072225472203  .000000000000000  .000000000000000 -.037072225472203
 6 -.037072225472203  .000000000000000  .000000000000000 -.037072225472203
 7 -.037072225472203  .000000000000000  .000000000000000 -.037072225472203
 8 -.037072225472203  .000000000000000  .000000000000000 -.037072225472203
 9 -.037072225472203  .000000000000000  .000000000000000 -.037072225472203
 10 -.037072225472203  .000000000000000  .000000000000000 -.037072225472203
 11 -.037072225472203  .000000000000000  .000000000000000 -.037072225472203
 12 -.037072225472203  .000000000000000  .000000000000000 -.037072225472203
 13 -.037072225472203  .000000000000000  .000000000000000 -.037072225472203
 14 -.037072225472203  .000000000000000  .000000000000000 -.037072225472203
 15 -.037072225472203  .000000000000000  .000000000000000 -.037072225472203
 16 -.037072225472203  .000000000000000  .000000000000000 -.037072225472203
 17 -.037072225472203  .000000000000000  .000000000000000 -.037072225472203
 18 -.037072225472203  .000000000000000  .000000000000000 -.037072225472203
 19 -.037072225472203  .000000000000000  .000000000000000 -.037072225472203
&
# h = 3 (l = 8)
@ type xy
 0 -.004556915177428  .000000000000000  .000000000000000 -.004556915177428
 1 -.004556915177428  .000000000000000  .000000000000000 -.004556915177428
 2 -.004556915177428  .000000000000000  .000000000000000 -.004556915177428
 3 -.004556915177428  .000000000000000  .000000000000000 -.004556915177428
 4 -.004556915177428  .000000000000000  .000000000000000 -.004556915177428
 5 -.004556915177428  .000000000000000  .000000000000000 -.004556915177428
 6 -.004556915177428  .000000000000000  .000000000000000 -.004556915177428
 7 -.004556915177428  .000000000000000  .000000000000000 -.004556915177428
 8 -.004556915177428  .000000000000000  .000000000000000 -.004556915177428
 9 -.004556915177428  .000000000000000  .000000000000000 -.004556915177428
 10 -.004556915177428  .000000000000000  .000000000000000 -.004556915177428
 11 -.004556915177428  .000000000000000  .000000000000000 -.004556915177428
 12 -.004556915177428  .000000000000000  .000000000000000 -.004556915177428
 13 -.004556915177428  .000000000000000  .000000000000000 -.004556915177428
 14 -.004556915177428  .000000000000000  .000000000000000 -.004556915177428
 15 -.004556915177428  .000000000000000  .000000000000000 -.004556915177428
 16 -.004556915177428  .000000000000000  .000000000000000 -.004556915177428
 17 -.004556915177428  .000000000000000  .000000000000000 -.004556915177428
 18 -.004556915177428  .000000000000000  .000000000000000 -.004556915177428
 19 -.004556915177428  .000000000000000  .000000000000000 -.004556915177428
&
