  Type    Harmonic   (l)             Total
     1
                 0     0  248.961418453956
                 1     3  .043864541408990
                 2     4  .140310383914920
                 3     6 -.077247182771727
                 4     7 -.001280823866988
                 5     8 -.010150774475656
     2
                 0     0  235.718297379327
                 1     4  .063449687154143
                 2     6 -.068118192115879
                 3     8 -.009676758081353
     3
                 0     0  90.7303452638091
                 1     4  .053279206570391
                 2     6 -.037072225472203
                 3     8 -.004556915177428
