 energy and charge average matrices
  type  L (e_i|H|e_j)        (e_i|e_j) 
     0  0  .068326313        .183244667
     0  1  .105646268        .194142405
     0  2  1.94168039        2.99723473
     0  3  .003082545        .005015907
     0  4  .000522230        .000828004
     0  5  .000104422        .000162572
     0  6  .000024894        .000040043
     0  7  .000006284        .000010091
     0  8  .000001510        .000002484
     1  0  .069003358        .169620790
     1  1  .098879539        .176850563
     1  2  .986105651        1.60219557
     1  3  .005891828        .008896969
     1  4  .001001544        .001521847
     1  5  .000208392        .000320734
     1  6  .000047372        .000075757
     1  7  .000020184        .000030223
     1  8  .000004189        .000006532
     2  0  .065698738        .223101720
     2  1  .134750607        .254877403
     2  2  .033161995        .052692979
     2  3  .002379818        .003644931
     2  4  .000367470        .000565449
     2  5  .000074249        .000113248
     2  6  .000016018        .000024554
     2  7  .000003281        .000005150
     2  8  .000000849        .000001299
