 ( 4i3 )
  1  8  3  2 npan, lm, ntype, spins
 ( 2i3 )
  3  1    ntls, nsets
 ( 3e22.14 )
  0.42066391193694E-01  0.51756162472439E-01  0.61445933751185E-01
 ( 3e22.14 )
  0.37286651993122E+00  0.54416823572136E+00  0.64782462562537E+00
  0.61455218422336E+00  0.63070833190295E+00  0.64231051329007E+00
  0.62167930482437E+00  0.62274417056235E+00  0.60779044266658E+00
  0.36009858334235E+00  0.50709955007341E+00  0.61501418639764E+00
  0.57510006557895E+00  0.58180110381718E+00  0.59314212313477E+00
  0.57548822268853E+00  0.57603972382766E+00  0.57060553524491E+00
  0.40680651544040E+00  0.55911174603648E+00  0.61547204975961E+00
  0.66222774434308E+00  0.65810883118450E+00  0.64973497655668E+00
  0.62531730019752E+00  0.66784577665269E+00  0.64134003238164E+00
  0.38105511823344E+00  0.52631540299655E+00  0.56967261806371E+00
  0.60933297739218E+00  0.62037364008976E+00  0.62801438803934E+00
  0.62899707124113E+00  0.61201816722452E+00  0.61422520176036E+00
  0.29447668833704E+00  0.52868453012951E+00  0.62934125362181E+00
  0.65291002884981E+00  0.64987166931486E+00  0.65563422015211E+00
  0.65235852493626E+00  0.63723526375903E+00  0.65359782594513E+00
  0.30429529268655E+00  0.51230305225969E+00  0.57540039261277E+00
  0.60714565724592E+00  0.61028427899826E+00  0.61746075201089E+00
  0.61777382881712E+00  0.61540460298006E+00  0.61258559164233E+00
