"Start runs mpprun -np 60 rspt 1.00e-10 99 on n1087,  Fri Oct 29 11:33:06 2021"
  2.92629250e-03 -8589.45000385840  8.58945000e+03
  1.80253320e-03 -8589.45263517609  2.63131769e-03
  1.13621960e-04 -8589.44162898829  1.10061878e-02
  1.90969820e-05 -8589.45500459714  1.33756088e-02
  7.28987880e-06 -8589.45594587803  9.41280890e-04
  2.93162150e-06 -8589.45631025244  3.64374411e-04
  1.42724230e-06 -8589.45648052759  1.70275149e-04
  6.49885960e-07 -8589.45664252753  1.61999940e-04
  5.82491150e-07 -8589.45664899713  6.46959961e-06
  6.52798950e-07 -8589.45667268924  2.36921114e-05
  5.19788250e-07 -8589.45669849851  2.58092696e-05
  9.09926500e-08 -8589.45681334581  1.14847300e-04
  6.05392020e-08 -8589.45682327886  9.93305002e-06
  1.23349100e-08 -8589.45684423963  2.09607697e-05
  1.10903820e-08 -8589.45684359507  6.44560714e-07
  9.05207600e-09 -8589.45684505655  1.46147977e-06
  2.73289970e-09 -8589.45684931321  4.25666076e-06
  9.89495830e-10 -8589.45685100685  1.69363921e-06
  9.90176540e-10 -8589.45685087695  1.29899490e-07
  9.93448640e-10 -8589.45685115400  2.77050276e-07
  7.73422670e-10 -8589.45685121225  5.82494977e-08
  1.81505560e-10 -8589.45685147100  2.58751243e-07
  1.31644550e-10 -8589.45685151827  4.72682586e-08
  2.21460810e-11 -8589.45685164227  1.24000508e-07
"Start runs mpprun -np 60 rspt 1.00e-10 99 on n1087,  Fri Oct 29 11:47:23 2021"
  1.50020270e-11 -8589.45685163648  8.58945685e+03
"Start runs mpprun -np 60 rspt 1.00e-10 99 on n1087,  Fri Oct 29 11:48:23 2021"
  1.63899800e-12 -8589.45685161249  8.58945685e+03
"Start runs mpprun -np 60 rspt 1.00e-12 99 on n1087,  Fri Oct 29 11:49:01 2021"
  1.36453710e-12 -8589.45685161355  8.58945685e+03
  4.43157980e-13 -8589.45685161628  2.73030309e-09
"Start runs mpprun -np 60 rspt 1.00e-12 99 on n81,  Fri Oct 29 17:11:39 2021"
  1.34848640e-02 -8588.04113781035  8.58804114e+03
  1.34703320e-02 -8587.98070580021  6.04320101e-02
  6.33074920e-04 -8589.46173267573  1.48102688e+00
  3.43638000e-04 -8589.47169855764  9.96588191e-03
  8.61764880e-05 -8589.47257632072  8.77763081e-04
  4.22090610e-05 -8589.47508036802  2.50404730e-03
  8.88351550e-06 -8589.47638438624  1.30401822e-03
  3.86586650e-06 -8589.47681832794  4.33941699e-04
  1.69701050e-06 -8589.47708094173  2.62613790e-04
  1.08521640e-06 -8589.47721537794  1.34436210e-04
  9.43629140e-07 -8589.47723635558  2.09776408e-05
  1.18924280e-06 -8589.47726094379  2.45882093e-05
  9.80781360e-07 -8589.47730076599  3.98222001e-05
  4.15029370e-08 -8589.47751458138  2.13815390e-04
  4.09195920e-08 -8589.47751706832  2.48694050e-06
  3.39503670e-08 -8589.47751981220  2.74388003e-06
  1.71544040e-08 -8589.47752522361  5.41140980e-06
  8.94103450e-09 -8589.47752722104  1.99743045e-06
  4.71851880e-09 -8589.47752893881  1.71776992e-06
  1.94434510e-09 -8589.47753101038  2.07156882e-06
  3.00715680e-09 -8589.47753080551  2.04869139e-07
  1.56215300e-09 -8589.47753175108  9.45568900e-07
  1.33950110e-09 -8589.47753213459  3.83510269e-07
  3.28369180e-10 -8589.47753477296  2.63836955e-06
  2.47267940e-10 -8589.47753472284  5.01186150e-08
  4.55093240e-12 -8589.47753448103  2.41810994e-07
  3.04100120e-12 -8589.47753442858  5.24487405e-08
  1.46457600e-12 -8589.47753437961  4.89708327e-08
  2.76683140e-13 -8589.47753427657  1.03040293e-07
"Start runs mpprun -np 60 rspt 1.00e-12 99 on n81,  Fri Oct 29 17:13:26 2021"
  2.09623810e-13 -8589.47753427687  8.58947753e+03
"Start runs mpprun -np 60 rspt 1.00e-12 99 on n81,  Fri Oct 29 17:13:32 2021"
  1.69985040e-13 -8589.47753427528  8.58947753e+03
