# ACE/gr parameter file
#
@    version 50122
@    world xmin 0.25
@    world xmax 0.75
@    title font 5
@    xaxis  tick major 0.1
@    xaxis  tick minor 0.02
@    xaxis  label "(r-r\s1\N)/d"
@    xaxis  label font 5
@    xaxis  label char size 1.2
@    xaxis  ticklabel font 4
@    xaxis  ticklabel char size 1
@    yaxis  tick major .1
@    yaxis  tick minor .02
@    yaxis  label font 4
@    yaxis  label char size 1.2
@    yaxis  ticklabel font 5
@    yaxis  ticklabel char size 1
@    title "potential between neighbors"
@    yaxis  label "V(r) (Ry)"
@    world ymin -10.
@    world ymax   .0
@    yaxis  tick major 2
@    yaxis  tick minor 1
@ s0 color  1
@ s0 linestyle  1
@ legend string 0 "(1)-(2)"
@target s0
@type xy
  .1000000000 -34.78928705
  .1050000000 -31.59814363
  .1100000000 -28.76652242
  .1150000000 -26.24088449
  .1200000000 -23.98139863
  .1250000000 -21.96035840
  .1300000000 -20.13479452
  .1350000000 -18.49492248
  .1400000000 -17.00692778
  .1450000000 -15.66708257
  .1500000000 -14.44633490
  .1550000000 -13.33980048
  .1600000000 -12.33558705
  .1650000000 -11.41838285
  .1700000000 -10.58014841
  .1750000000 -9.813809519
  .1800000000 -9.116280424
  .1850000000 -8.476339355
  .1900000000 -7.888604455
  .1950000000 -7.348182916
  .2000000000 -6.850632006
  .2050000000 -6.391923299
  .2100000000 -5.968409535
  .2150000000 -5.576793571
  .2200000000 -5.214099243
  .2250000000 -4.877643810
  .2300000000 -4.566255103
  .2350000000 -4.277928315
  .2400000000 -4.009361269
  .2450000000 -3.758754807
  .2500000000 -3.524497089
  .2550000000 -3.305144066
  .2600000000 -3.101871936
  .2650000000 -2.912018545
  .2700000000 -2.733424119
  .2750000000 -2.565145881
  .2800000000 -2.408938210
  .2850000000 -2.262468555
  .2900000000 -2.123820727
  .2950000000 -1.993667895
  .3000000000 -1.872654664
  .3050000000 -1.757575746
  .3100000000 -1.649339558
  .3150000000 -1.548622600
  .3200000000 -1.452407380
  .3250000000 -1.362731148
  .3300000000 -1.278298774
  .3350000000 -1.197456304
  .3400000000 -1.123424437
  .3450000000 -1.052136000
  .3500000000 -.9858170985
  .3550000000 -.9231565056
  .3600000000 -.8637470097
  .3650000000 -.8087452573
  .3700000000 -.7556924236
  .3750000000 -.7075026805
  .3800000000 -.6605021150
  .3850000000 -.6181973892
  .3900000000 -.5769303040
  .3950000000 -.5397474543
  .4000000000 -.5036112349
  .4050000000 -.4712043410
  .4100000000 -.4396698617
  .4150000000 -.4117388293
  .4200000000 -.3843398724
  .4250000000 -.3606283500
  .4300000000 -.3371941618
  .4350000000 -.3172452693
  .4400000000 -.2977645606
  .4450000000 -.2810456552
  .4500000000 -.2653505423
  .4550000000 -.2515581218
  .4600000000 -.2395218712
  .4650000000 -.2283723371
  .4700000000 -.2199102763
  .4750000000 -.2115377628
  .4800000000 -.2106429241
  .4850000000 -.2066878420
  .4900000000 -.2042607768
  .4950000000 -.2033520231
  .5000000000 -.2039567204
  .5050000000 -.2060748831
  .5100000000 -.2097114369
  .5150000000 -.2148762612
  .5200000000 -.2215842349
  .5250000000 -.2298552813
  .5300000000 -.2363710620
  .5350000000 -.2481860774
  .5400000000 -.2613191615
  .5450000000 -.2767481246
  .5500000000 -.2926059421
  .5550000000 -.3117533559
  .5600000000 -.3311171292
  .5650000000 -.3536286199
  .5700000000 -.3769074682
  .5750000000 -.4028675058
  .5800000000 -.4302546028
  .5850000000 -.4600415194
  .5900000000 -.4917723038
  .5950000000 -.5258107062
  .6000000000 -.5621633508
  .6050000000 -.6009341128
  .6100000000 -.6422305231
  .6150000000 -.6862803780
  .6200000000 -.7328879201
  .6250000000 -.7828390610
  .6300000000 -.8351730350
  .6350000000 -.8917332233
  .6400000000 -.9502603430
  .6450000000 -1.014234097
  .6500000000 -1.080279084
  .6550000000 -1.151778660
  .6600000000 -1.226685806
  .6650000000 -1.305991047
  .6700000000 -1.390885469
  .6750000000 -1.479240307
  .6800000000 -1.574874108
  .6850000000 -1.675281496
  .6900000000 -1.780918130
  .6950000000 -1.894976554
  .7000000000 -2.014593738
  .7050000000 -2.141142423
  .7100000000 -2.277412764
  .7150000000 -2.420963183
  .7200000000 -2.572406793
  .7250000000 -2.736252497
  .7300000000 -2.909812279
  .7350000000 -3.093760715
  .7400000000 -3.289407009
  .7450000000 -3.500816556
  .7500000000 -3.725902760
  .7550000000 -3.965954441
  .7600000000 -4.222407835
  .7650000000 -4.496863771
  .7700000000 -4.793538725
  .7750000000 -5.112268305
  .7800000000 -5.454791411
  .7850000000 -5.823482627
  .7900000000 -6.220971420
  .7950000000 -6.650165083
  .8000000000 -7.114272835
  .8050000000 -7.616831202
  .8100000000 -8.161730977
  .8150000000 -8.753246159
  .8200000000 -9.396065407
  .8250000000 -10.09532684
  .8300000000 -10.85665718
  .8350000000 -11.69198761
  .8400000000 -12.60495073
  .8450000000 -13.60219362
  .8500000000 -14.69203594
  .8550000000 -15.89695169
  .8600000000 -17.21719075
  .8650000000 -18.67167799
  .8700000000 -20.27922854
  .8750000000 -22.05620899
  .8800000000 -24.02456929
  .8850000000 -26.22097951
  .8900000000 -28.66884021
  .8950000000 -31.41164000
&
@ s1 color  1
@ s1 linestyle  1
@target s1
@type xy
  .4756097464 -10.000
  .4756097464  10.000
  .5265230327  10.000
  .5265230327 -10.000
&
@ s2 color  2
@ s2 linestyle  1
@ legend string 2 "(2)-(1)"
@target s2
@type xy
  .1000000000 -34.50247232
  .1050000000 -31.41164000
  .1100000000 -28.66884021
  .1150000000 -26.22097951
  .1200000000 -24.02456929
  .1250000000 -22.05620899
  .1300000000 -20.27922854
  .1350000000 -18.67167799
  .1400000000 -17.21719075
  .1450000000 -15.89695169
  .1500000000 -14.69203594
  .1550000000 -13.60219362
  .1600000000 -12.60495073
  .1650000000 -11.69198761
  .1700000000 -10.85665718
  .1750000000 -10.09532684
  .1800000000 -9.396065407
  .1850000000 -8.753246159
  .1900000000 -8.161730977
  .1950000000 -7.616831202
  .2000000000 -7.114272835
  .2050000000 -6.650165083
  .2100000000 -6.220971420
  .2150000000 -5.823482627
  .2200000000 -5.454791411
  .2250000000 -5.112268305
  .2300000000 -4.793538725
  .2350000000 -4.496863771
  .2400000000 -4.222407835
  .2450000000 -3.965954441
  .2500000000 -3.725902760
  .2550000000 -3.500816556
  .2600000000 -3.289407009
  .2650000000 -3.093760715
  .2700000000 -2.909812279
  .2750000000 -2.736252497
  .2800000000 -2.572406793
  .2850000000 -2.420963183
  .2900000000 -2.277412764
  .2950000000 -2.141142423
  .3000000000 -2.014593738
  .3050000000 -1.894976554
  .3100000000 -1.780918130
  .3150000000 -1.675281496
  .3200000000 -1.574874108
  .3250000000 -1.479240307
  .3300000000 -1.390885469
  .3350000000 -1.305991047
  .3400000000 -1.226685806
  .3450000000 -1.151778660
  .3500000000 -1.080279084
  .3550000000 -1.014234097
  .3600000000 -.9502603430
  .3650000000 -.8917332233
  .3700000000 -.8351730350
  .3750000000 -.7828390610
  .3800000000 -.7328879201
  .3850000000 -.6862803780
  .3900000000 -.6422305231
  .3950000000 -.6009341128
  .4000000000 -.5621633508
  .4050000000 -.5258107062
  .4100000000 -.4917723038
  .4150000000 -.4600415194
  .4200000000 -.4302546028
  .4250000000 -.4028675058
  .4300000000 -.3769074682
  .4350000000 -.3536286199
  .4400000000 -.3311171292
  .4450000000 -.3117533559
  .4500000000 -.2926059421
  .4550000000 -.2767481246
  .4600000000 -.2613191615
  .4650000000 -.2481860774
  .4700000000 -.2363710620
  .4750000000 -.2298552813
  .4800000000 -.2215842349
  .4850000000 -.2148762612
  .4900000000 -.2097114369
  .4950000000 -.2060748831
  .5000000000 -.2039567204
  .5050000000 -.2033520231
  .5100000000 -.2042607768
  .5150000000 -.2066878420
  .5200000000 -.2106429241
  .5250000000 -.2115377628
  .5300000000 -.2199102763
  .5350000000 -.2283723371
  .5400000000 -.2395218712
  .5450000000 -.2515581218
  .5500000000 -.2653505423
  .5550000000 -.2810456552
  .5600000000 -.2977645606
  .5650000000 -.3172452693
  .5700000000 -.3371941618
  .5750000000 -.3606283500
  .5800000000 -.3843398724
  .5850000000 -.4117388293
  .5900000000 -.4396698617
  .5950000000 -.4712043410
  .6000000000 -.5036112349
  .6050000000 -.5397474543
  .6100000000 -.5769303040
  .6150000000 -.6181973892
  .6200000000 -.6605021150
  .6250000000 -.7075026805
  .6300000000 -.7556924236
  .6350000000 -.8087452573
  .6400000000 -.8637470097
  .6450000000 -.9231565056
  .6500000000 -.9858170985
  .6550000000 -1.052136000
  .6600000000 -1.123424437
  .6650000000 -1.197456304
  .6700000000 -1.278298774
  .6750000000 -1.362731148
  .6800000000 -1.452407380
  .6850000000 -1.548622600
  .6900000000 -1.649339558
  .6950000000 -1.757575746
  .7000000000 -1.872654664
  .7050000000 -1.993667895
  .7100000000 -2.123820727
  .7150000000 -2.262468555
  .7200000000 -2.408938210
  .7250000000 -2.565145881
  .7300000000 -2.733424119
  .7350000000 -2.912018545
  .7400000000 -3.101871936
  .7450000000 -3.305144066
  .7500000000 -3.524497089
  .7550000000 -3.758754807
  .7600000000 -4.009361269
  .7650000000 -4.277928315
  .7700000000 -4.566255103
  .7750000000 -4.877643810
  .7800000000 -5.214099243
  .7850000000 -5.576793571
  .7900000000 -5.968409535
  .7950000000 -6.391923299
  .8000000000 -6.850632006
  .8050000000 -7.348182916
  .8100000000 -7.888604455
  .8150000000 -8.476339355
  .8200000000 -9.116280424
  .8250000000 -9.813809519
  .8300000000 -10.58014841
  .8350000000 -11.41838285
  .8400000000 -12.33558705
  .8450000000 -13.33980048
  .8500000000 -14.44633490
  .8550000000 -15.66708257
  .8600000000 -17.00692778
  .8650000000 -18.49492248
  .8700000000 -20.13479452
  .8750000000 -21.96035840
  .8800000000 -23.98139863
  .8850000000 -26.24088449
  .8900000000 -28.76652242
  .8950000000 -31.59814363
&
@ s3 color  2
@ s3 linestyle  1
@target s3
@type xy
  .4734769672 -10.000
  .4734769672  10.000
  .5243902535  10.000
  .5243902535 -10.000
&
@ s4 color  3
@ s4 linestyle  1
@ legend string 4 "(3)-(1)"
@target s4
@type xy
  .1000000000 -19.55565147
  .1050000000 -17.84119054
  .1100000000 -16.32633092
  .1150000000 -14.98137197
  .1200000000 -13.78488015
  .1250000000 -12.71791561
  .1300000000 -11.75697022
  .1350000000 -10.89666593
  .1400000000 -10.11555145
  .1450000000 -9.412664905
  .1500000000 -8.771032972
  .1550000000 -8.186521935
  .1600000000 -7.654216015
  .1650000000 -7.165174419
  .1700000000 -6.715076637
  .1750000000 -6.300061988
  .1800000000 -5.918018178
  .1850000000 -5.564486818
  .1900000000 -5.236256707
  .1950000000 -4.930965165
  .2000000000 -4.646506527
  .2050000000 -4.381004682
  .2100000000 -4.132787944
  .2150000000 -3.900366033
  .2200000000 -3.682408934
  .2250000000 -3.477727540
  .2300000000 -3.286281563
  .2350000000 -3.106364306
  .2400000000 -2.936936394
  .2450000000 -2.777206219
  .2500000000 -2.626453320
  .2550000000 -2.484018835
  .2600000000 -2.351037544
  .2650000000 -2.225459345
  .2700000000 -2.106557439
  .2750000000 -1.993846423
  .2800000000 -1.888785718
  .2850000000 -1.789389675
  .2900000000 -1.694903813
  .2950000000 -1.606093687
  .3000000000 -1.522729555
  .3050000000 -1.443187925
  .3100000000 -1.368339714
  .3150000000 -1.297985325
  .3200000000 -1.230559042
  .3250000000 -1.167592886
  .3300000000 -1.107698230
  .3350000000 -1.050403916
  .3400000000 -.9971208477
  .3450000000 -.9456304051
  .3500000000 -.8975094762
  .3550000000 -.8514637584
  .3600000000 -.8077208129
  .3650000000 -.7664976955
  .3700000000 -.7267781125
  .3750000000 -.6898559008
  .3800000000 -.6538584615
  .3850000000 -.6208035649
  .3900000000 -.5883648899
  .3950000000 -.5587301302
  .4000000000 -.5296178619
  .4050000000 -.5031317793
  .4100000000 -.4770616005
  .4150000000 -.4535947682
  .4200000000 -.4304089826
  .4250000000 -.4097802014
  .4300000000 -.3894795788
  .4350000000 -.3725921331
  .4400000000 -.3555850116
  .4450000000 -.3399212400
  .4500000000 -.3255814150
  .4550000000 -.3125498138
  .4600000000 -.3008141115
  .4650000000 -.2903651541
  .4700000000 -.2811967893
  .4750000000 -.2733057573
  .4800000000 -.2666916356
  .4850000000 -.2613568359
  .4900000000 -.2573066442
  .4950000000 -.2545492982
  .5000000000 -.2530960923
  .5050000000 -.2529615031
  .5100000000 -.2541633254
  .5150000000 -.2567228102
  .5200000000 -.2606647962
  .5250000000 -.2637528326
  .5300000000 -.2715207794
  .5350000000 -.2793718074
  .5400000000 -.2897924494
  .5450000000 -.3010590629
  .5500000000 -.3140259227
  .5550000000 -.3288351678
  .5600000000 -.3446427888
  .5650000000 -.3631550068
  .5700000000 -.3821218967
  .5750000000 -.4045316089
  .5800000000 -.4272065309
  .5850000000 -.4535466613
  .5900000000 -.4804054562
  .5950000000 -.5108612237
  .6000000000 -.5421769906
  .6050000000 -.5772268372
  .6100000000 -.6133127364
  .6150000000 -.6534972918
  .6200000000 -.6947092862
  .6250000000 -.7406414363
  .6300000000 -.7877539331
  .6350000000 -.8397574564
  .6400000000 -.8937079993
  .6450000000 -.9520891733
  .6500000000 -1.013731298
  .6550000000 -1.079045052
  .6600000000 -1.149352449
  .6650000000 -1.222404980
  .6700000000 -1.302304998
  .6750000000 -1.385800142
  .6800000000 -1.474557368
  .6850000000 -1.569877802
  .6900000000 -1.669706966
  .6950000000 -1.777080737
  .7000000000 -1.891313420
  .7050000000 -2.011489388
  .7100000000 -2.140828302
  .7150000000 -2.278677285
  .7200000000 -2.424357657
  .7250000000 -2.579791091
  .7300000000 -2.747314223
  .7350000000 -2.925162830
  .7400000000 -3.114280304
  .7450000000 -3.316829589
  .7500000000 -3.535475477
  .7550000000 -3.769035308
  .7600000000 -4.018953514
  .7650000000 -4.286842265
  .7700000000 -4.574501041
  .7750000000 -4.885234308
  .7800000000 -5.221046538
  .7850000000 -5.583108511
  .7900000000 -5.974103699
  .7950000000 -6.397009123
  .8000000000 -6.855122926
  .8050000000 -7.352093529
  .8100000000 -7.891950696
  .8150000000 -8.479138674
  .8200000000 -9.118551966
  .8250000000 -9.815574306
  .8300000000 -10.58143395
  .8350000000 -11.41921564
  .8400000000 -12.33599570
  .8450000000 -13.33981601
  .8500000000 -14.44599527
  .8550000000 -15.66642897
  .8600000000 -17.00599907
  .8650000000 -18.49376888
  .8700000000 -20.13346042
  .8750000000 -21.95889594
  .8800000000 -23.97985289
  .8850000000 -26.23930256
  .8900000000 -28.76494089
  .8950000000 -31.59658684
&
@ s5 color  3
@ s5 linestyle  1
@target s5
@type xy
  .4308213846 -10.000
  .4308213846  10.000
  .5243902535  10.000
  .5243902535 -10.000
&
