# ACE/gr parameter file
#
@    version 50122
@    world xmin 0.25
@    world xmax 0.75
@    title font 5
@    xaxis  tick major 0.1
@    xaxis  tick minor 0.02
@    xaxis  label "(r-r\s1\N)/d"
@    xaxis  label font 5
@    xaxis  label char size 1.2
@    xaxis  ticklabel font 4
@    xaxis  ticklabel char size 1
@    yaxis  tick major .1
@    yaxis  tick minor .02
@    yaxis  label font 4
@    yaxis  label char size 1.2
@    yaxis  ticklabel font 5
@    yaxis  ticklabel char size 1
@    title "potential between neighbors"
@    yaxis  label "V(r) (Ry)"
@    world ymin -10.
@    world ymax   .0
@    yaxis  tick major 2
@    yaxis  tick minor 1
@ s0 color  1
@ s0 linestyle  1
@ legend string 0 "(1)-(2)"
@target s0
@type xy
  .1000000000 -115.2264956
  .1050000000 -109.7418634
  .1100000000 -104.7550588
  .1150000000 -100.1990629
  .1200000000 -96.02216760
  .1250000000 -92.18672983
  .1300000000 -88.63749723
  .1350000000 -85.35845078
  .1400000000 -82.30608021
  .1450000000 -79.47248403
  .1500000000 -76.82077975
  .1550000000 -74.34268206
  .1600000000 -72.02213529
  .1650000000 -69.83932423
  .1700000000 -67.78318211
  .1750000000 -65.84399117
  .1800000000 -64.01710923
  .1850000000 -62.28802595
  .1900000000 -60.64936102
  .1950000000 -59.09437951
  .2000000000 -57.61692663
  .2050000000 -56.21137027
  .2100000000 -54.87255026
  .2150000000 -53.59573332
  .2200000000 -52.37657312
  .2250000000 -51.21107461
  .2300000000 -50.09745841
  .2350000000 -49.03275556
  .2400000000 -48.01186275
  .2450000000 -47.03184918
  .2500000000 -46.09001079
  .2550000000 -45.18385103
  .2600000000 -44.31537757
  .2650000000 -43.48011802
  .2700000000 -42.67418621
  .2750000000 -41.89572813
  .2800000000 -41.14794191
  .2850000000 -40.42656729
  .2900000000 -39.72783445
  .2950000000 -39.05291096
  .3000000000 -38.40312512
  .3050000000 -37.77200860
  .3100000000 -37.16124759
  .3150000000 -36.57226783
  .3200000000 -35.99868206
  .3250000000 -35.44468030
  .3300000000 -34.90750413
  .3350000000 -34.38341643
  .3400000000 -33.87943274
  .3450000000 -33.38651558
  .3500000000 -32.90950381
  .3550000000 -32.44542038
  .3600000000 -31.99321234
  .3650000000 -31.55548102
  .3700000000 -31.12646210
  .3750000000 -30.71283076
  .3800000000 -30.30595922
  .3850000000 -29.91394375
  .3900000000 -29.52814030
  .3950000000 -29.15559965
  .4000000000 -28.78910291
  .4050000000 -28.43485273
  .4100000000 -28.08605701
  .4150000000 -27.74900469
  .4200000000 -27.41644488
  .4250000000 -27.09558077
  .4300000000 -26.77846954
  .4350000000 -26.47230863
  .4400000000 -26.17019109
  .4450000000 -25.87709968
  .4500000000 -25.58913126
  .4550000000 -25.30803230
  .4600000000 -25.03342891
  .4650000000 -24.76333686
  .4700000000 -24.50136985
  .4750000000 -24.24217502
  .4800000000  .0040154645
  .4850000000  .0035832633
  .4900000000  .0030979324
  .4950000000  .0025592560
  .5000000000  .0019670020
  .5050000000  .0013209192
  .5100000000  .0006207411
  .5150000000 -.0001338041
  .5200000000 -.0009429765
  .5250000000 -.0018069993
  .5300000000 -23.60108336
  .5350000000 -23.85573473
  .5400000000 -24.11550402
  .5450000000 -24.38238849
  .5500000000 -24.65275613
  .5550000000 -24.93257890
  .5600000000 -25.21556358
  .5650000000 -25.50801415
  .5700000000 -25.80492560
  .5750000000 -26.11054670
  .5800000000 -26.42221920
  .5850000000 -26.74218719
  .5900000000 -27.06951953
  .5950000000 -27.40512029
  .6000000000 -27.74908252
  .6050000000 -28.10172277
  .6100000000 -28.46336402
  .6150000000 -28.83458431
  .6200000000 -29.21504173
  .6250000000 -29.60653149
  .6300000000 -30.00704044
  .6350000000 -30.42065528
  .6400000000 -30.84256104
  .6450000000 -31.28034251
  .6500000000 -31.72682081
  .6550000000 -32.18931172
  .6600000000 -32.66351773
  .6650000000 -33.15165374
  .6700000000 -33.65622523
  .6750000000 -34.17295989
  .6800000000 -34.70973489
  .6850000000 -35.26150100
  .6900000000 -35.82934401
  .6950000000 -36.41958905
  .7000000000 -37.02669160
  .7050000000 -37.65347604
  .7100000000 -38.30523255
  .7150000000 -38.97742386
  .7200000000 -39.67138253
  .7250000000 -40.39529008
  .7300000000 -41.14429192
  .7350000000 -41.91973584
  .7400000000 -42.72402859
  .7450000000 -43.56398523
  .7500000000 -44.43609325
  .7550000000 -45.34258285
  .7600000000 -46.28586870
  .7650000000 -47.26856668
  .7700000000 -48.29710757
  .7750000000 -49.37121190
  .7800000000 -50.49354451
  .7850000000 -51.66766176
  .7900000000 -52.89742925
  .7950000000 -54.18705254
  .8000000000 -55.54111167
  .8050000000 -56.96459979
  .8100000000 -58.46296666
  .8150000000 -60.04216777
  .8200000000 -61.70871992
  .8250000000 -63.46976422
  .8300000000 -65.33313788
  .8350000000 -67.31442021
  .8400000000 -69.41925869
  .8450000000 -71.65722293
  .8500000000 -74.04015046
  .8550000000 -76.59703952
  .8600000000 -79.33073077
  .8650000000 -82.26671474
  .8700000000 -85.43073962
  .8750000000 -88.84597438
  .8800000000 -92.54249693
  .8850000000 -96.56787894
  .8900000000 -100.9535562
  .8950000000 -105.7540525
&
@ s1 color  1
@ s1 linestyle  1
@target s1
@type xy
  .4756097464 -10.000
  .4756097464  10.000
  .5265230327  10.000
  .5265230327 -10.000
&
@ s2 color  2
@ s2 linestyle  1
@ legend string 2 "(2)-(1)"
@target s2
@type xy
  .1000000000 -111.0337321
  .1050000000 -105.7540525
  .1100000000 -100.9535562
  .1150000000 -96.56787894
  .1200000000 -92.54249693
  .1250000000 -88.84597438
  .1300000000 -85.43073962
  .1350000000 -82.26671474
  .1400000000 -79.33073077
  .1450000000 -76.59703952
  .1500000000 -74.04015046
  .1550000000 -71.65722293
  .1600000000 -69.41925869
  .1650000000 -67.31442021
  .1700000000 -65.33313788
  .1750000000 -63.46976422
  .1800000000 -61.70871992
  .1850000000 -60.04216777
  .1900000000 -58.46296666
  .1950000000 -56.96459979
  .2000000000 -55.54111167
  .2050000000 -54.18705254
  .2100000000 -52.89742925
  .2150000000 -51.66766176
  .2200000000 -50.49354451
  .2250000000 -49.37121190
  .2300000000 -48.29710757
  .2350000000 -47.26856668
  .2400000000 -46.28586870
  .2450000000 -45.34258285
  .2500000000 -44.43609325
  .2550000000 -43.56398523
  .2600000000 -42.72402859
  .2650000000 -41.91973584
  .2700000000 -41.14429192
  .2750000000 -40.39529008
  .2800000000 -39.67138253
  .2850000000 -38.97742386
  .2900000000 -38.30523255
  .2950000000 -37.65347604
  .3000000000 -37.02669160
  .3050000000 -36.41958905
  .3100000000 -35.82934401
  .3150000000 -35.26150100
  .3200000000 -34.70973489
  .3250000000 -34.17295989
  .3300000000 -33.65622523
  .3350000000 -33.15165374
  .3400000000 -32.66351773
  .3450000000 -32.18931172
  .3500000000 -31.72682081
  .3550000000 -31.28034251
  .3600000000 -30.84256104
  .3650000000 -30.42065528
  .3700000000 -30.00704044
  .3750000000 -29.60653149
  .3800000000 -29.21504173
  .3850000000 -28.83458431
  .3900000000 -28.46336402
  .3950000000 -28.10172277
  .4000000000 -27.74908252
  .4050000000 -27.40512029
  .4100000000 -27.06951953
  .4150000000 -26.74218719
  .4200000000 -26.42221920
  .4250000000 -26.11054670
  .4300000000 -25.80492560
  .4350000000 -25.50801415
  .4400000000 -25.21556358
  .4450000000 -24.93257890
  .4500000000 -24.65275613
  .4550000000 -24.38238849
  .4600000000 -24.11550402
  .4650000000 -23.85573473
  .4700000000 -23.60108336
  .4750000000 -.0018069993
  .4800000000 -.0009429765
  .4850000000 -.0001338041
  .4900000000  .0006207411
  .4950000000  .0013209192
  .5000000000  .0019670020
  .5050000000  .0025592560
  .5100000000  .0030979324
  .5150000000  .0035832633
  .5200000000  .0040154645
  .5250000000 -24.24217502
  .5300000000 -24.50136985
  .5350000000 -24.76333686
  .5400000000 -25.03342891
  .5450000000 -25.30803230
  .5500000000 -25.58913126
  .5550000000 -25.87709968
  .5600000000 -26.17019109
  .5650000000 -26.47230863
  .5700000000 -26.77846954
  .5750000000 -27.09558077
  .5800000000 -27.41644488
  .5850000000 -27.74900469
  .5900000000 -28.08605701
  .5950000000 -28.43485273
  .6000000000 -28.78910291
  .6050000000 -29.15559965
  .6100000000 -29.52814030
  .6150000000 -29.91394375
  .6200000000 -30.30595922
  .6250000000 -30.71283076
  .6300000000 -31.12646210
  .6350000000 -31.55548102
  .6400000000 -31.99321234
  .6450000000 -32.44542038
  .6500000000 -32.90950381
  .6550000000 -33.38651558
  .6600000000 -33.87943274
  .6650000000 -34.38341643
  .6700000000 -34.90750413
  .6750000000 -35.44468030
  .6800000000 -35.99868206
  .6850000000 -36.57226783
  .6900000000 -37.16124759
  .6950000000 -37.77200860
  .7000000000 -38.40312512
  .7050000000 -39.05291096
  .7100000000 -39.72783445
  .7150000000 -40.42656729
  .7200000000 -41.14794191
  .7250000000 -41.89572813
  .7300000000 -42.67418621
  .7350000000 -43.48011802
  .7400000000 -44.31537757
  .7450000000 -45.18385103
  .7500000000 -46.09001079
  .7550000000 -47.03184918
  .7600000000 -48.01186275
  .7650000000 -49.03275556
  .7700000000 -50.09745841
  .7750000000 -51.21107461
  .7800000000 -52.37657312
  .7850000000 -53.59573332
  .7900000000 -54.87255026
  .7950000000 -56.21137027
  .8000000000 -57.61692663
  .8050000000 -59.09437951
  .8100000000 -60.64936102
  .8150000000 -62.28802595
  .8200000000 -64.01710923
  .8250000000 -65.84399117
  .8300000000 -67.78318211
  .8350000000 -69.83932423
  .8400000000 -72.02213529
  .8450000000 -74.34268206
  .8500000000 -76.82077975
  .8550000000 -79.47248403
  .8600000000 -82.30608021
  .8650000000 -85.35845078
  .8700000000 -88.63749723
  .8750000000 -92.18672983
  .8800000000 -96.02216760
  .8850000000 -100.1990629
  .8900000000 -104.7550588
  .8950000000 -109.7418634
&
@ s3 color  2
@ s3 linestyle  1
@target s3
@type xy
  .4734769672 -10.000
  .4734769672  10.000
  .5243902535  10.000
  .5243902535 -10.000
&
@ s4 color  3
@ s4 linestyle  1
@ legend string 4 "(3)-(1)"
@target s4
@type xy
  .1000000000 -55.45589834
  .1050000000 -52.81525573
  .1100000000 -50.41441492
  .1150000000 -48.22104411
  .1200000000 -46.21146867
  .1250000000 -44.36495202
  .1300000000 -42.65621155
  .1350000000 -41.07863894
  .1400000000 -39.60901059
  .1450000000 -38.24572116
  .1500000000 -36.96991600
  .1550000000 -35.77662625
  .1600000000 -34.66011963
  .1650000000 -33.60985914
  .1700000000 -32.62052268
  .1750000000 -31.68728799
  .1800000000 -30.80752378
  .1850000000 -29.97551772
  .1900000000 -29.18700251
  .1950000000 -28.43873929
  .2000000000 -27.72776815
  .2050000000 -27.05138051
  .2100000000 -26.40709471
  .2150000000 -25.79263436
  .2200000000 -25.20590920
  .2250000000 -24.64499790
  .2300000000 -24.10970251
  .2350000000 -23.59726288
  .2400000000 -23.10590010
  .2450000000 -22.63420510
  .2500000000 -22.18087793
  .2550000000 -21.74471845
  .2600000000 -21.32727374
  .2650000000 -20.92521877
  .2700000000 -20.53728072
  .2750000000 -20.16256841
  .2800000000 -19.80316229
  .2850000000 -19.45592272
  .2900000000 -19.11958836
  .2950000000 -18.79523649
  .3000000000 -18.48247042
  .3050000000 -18.17870027
  .3100000000 -17.88522886
  .3150000000 -17.60175526
  .3200000000 -17.32570090
  .3250000000 -17.05955288
  .3300000000 -16.80103793
  .3350000000 -16.54928574
  .3400000000 -16.30675854
  .3450000000 -16.06956403
  .3500000000 -15.84046689
  .3550000000 -15.61715496
  .3600000000 -15.39998643
  .3650000000 -15.18935715
  .3700000000 -14.98333674
  .3750000000 -14.78430090
  .3800000000 -14.58871330
  .3850000000 -14.40028130
  .3900000000 -14.21463169
  .3950000000 -14.03574166
  .4000000000 -13.85937082
  .4050000000 -13.68925890
  .4100000000 -13.52139211
  .4150000000 -13.35953051
  .4200000000 -13.19960743
  .4250000000 -13.04536298
  .4300000000 -12.89306671
  .4350000000  .0029359206
  .4400000000  .0027662365
  .4450000000  .0025863759
  .4500000000  .0023962549
  .4550000000  .0021957836
  .4600000000  .0019848708
  .4650000000  .0017634271
  .4700000000  .0015313668
  .4750000000  .0012886076
  .4800000000  .0010350698
  .4850000000  .0007706742
  .4900000000  .0004953391
  .4950000000  .0002089780
  .5000000000 -.0000885035
  .5050000000 -.0003972088
  .5100000000 -.0007172511
  .5150000000 -.0010487522
  .5200000000 -.0013918395
  .5250000000 -24.24832356
  .5300000000 -24.50818527
  .5350000000 -24.77082632
  .5400000000 -25.04151904
  .5450000000 -25.31670591
  .5500000000 -25.59834749
  .5550000000 -25.88681363
  .5600000000 -26.18038532
  .5650000000 -26.48291857
  .5700000000 -26.78949382
  .5750000000 -27.10694164
  .5800000000 -27.42814632
  .5850000000 -27.76097054
  .5900000000 -28.09828576
  .5950000000 -28.44727664
  .6000000000 -28.80171393
  .6050000000 -29.16833388
  .6100000000 -29.54098761
  .6150000000 -29.92684029
  .6200000000 -30.31889660
  .6250000000 -30.72574224
  .6300000000 -31.13933890
  .6350000000 -31.56826198
  .6400000000 -32.00588080
  .6450000000 -32.45792891
  .6500000000 -32.92182410
  .6550000000 -33.39861508
  .6600000000 -33.89127177
  .6650000000 -34.39497604
  .6700000000 -34.91873731
  .6750000000 -35.45556785
  .6800000000 -36.00919482
  .6850000000 -36.58237573
  .6900000000 -37.17093173
  .6950000000 -37.78124120
  .7000000000 -38.41188581
  .7050000000 -39.06118268
  .7100000000 -39.73559677
  .7150000000 -40.43380502
  .7200000000 -41.15464176
  .7250000000 -41.90187713
  .7300000000 -42.67977401
  .7350000000 -43.48513587
  .7400000000 -44.31981759
  .7450000000 -45.18770727
  .7500000000 -46.09328024
  .7550000000 -47.03452844
  .7600000000 -48.01394948
  .7650000000 -49.03424858
  .7700000000 -50.09835770
  .7750000000 -51.21138235
  .7800000000 -52.37629224
  .7850000000 -53.59486637
  .7900000000 -54.87110051
  .7950000000 -56.20934167
  .8000000000 -57.61432366
  .8050000000 -59.09120715
  .8100000000 -60.64562465
  .8150000000 -62.28373133
  .8200000000 -64.01226246
  .8250000000 -65.83859871
  .8300000000 -67.77725342
  .8350000000 -69.83286727
  .8400000000 -72.01515860
  .8450000000 -74.33519512
  .8500000000 -76.81279609
  .8550000000 -79.46401990
  .8600000000 -82.29715192
  .8650000000 -85.34908627
  .8700000000 -88.62772572
  .8750000000 -92.17659855
  .8800000000 -96.01173189
  .8850000000 -100.1884098
  .8900000000 -104.7443037
  .8950000000 -109.7311631
&
@ s5 color  3
@ s5 linestyle  1
@target s5
@type xy
  .4308213846 -10.000
  .4308213846  10.000
  .5243902535  10.000
  .5243902535 -10.000
&
