 (i6, f12.0, f18.0, f8.3, i6)
   719  60.0000000  0.02500000000000  64.000     2
 (3e22.14)
  2.19141374087355e-05  2.29046730665017e-05  2.39399797355533e-05
  2.50220808754423e-05  2.61530913877608e-05  2.73352217477944e-05
  2.85707823228084e-05  2.98621878853925e-05  3.12119623306686e-05
  3.26227436065683e-05  3.40972888668185e-05  3.56384798566298e-05
  3.72493285416932e-05  3.89329829913272e-05  4.06927335274551e-05
  4.25320191511014e-05  4.44544342593990e-05  4.64637356655307e-05
  4.85638499362995e-05  5.07588810601472e-05  5.30531184628046e-05
  5.54510453828566e-05  5.79573476282886e-05  6.05769227252637e-05
  6.33148894828957e-05  6.61765979876886e-05  6.91676400508439e-05
  7.22938601254490e-05  7.55613667193119e-05  7.89765443191859e-05
  8.25460658576078e-05  8.62769057386858e-05  9.01763534546607e-05
  9.42520278151893e-05  9.85118918209404e-05  1.02964268205407e-04
  1.07617855682925e-04  1.12481745923747e-04  1.17565441302115e-04
  1.22878873439126e-04  1.28432422586937e-04  1.34236937884380e-04
  1.40303758530228e-04  1.46644735906237e-04  1.53272256706131e-04
  1.60199267099420e-04  1.67439297993101e-04  1.75006491427390e-04
  1.82915628166049e-04  1.91182156527159e-04  1.99822222520613e-04
  2.08852701335357e-04  2.18291230259342e-04  2.28156243070201e-04
  2.38467005989250e-04  2.49243655247513e-04  2.60507236351226e-04
  2.72279745114443e-04  2.84584170544561e-04  2.97444539656618e-04
  3.10885964314460e-04  3.24934690173354e-04  3.39618147843214e-04
  3.54965006337371e-04  3.71005228953246e-04  3.87770131649258e-04
  4.05292444068689e-04  4.23606373302431e-04  4.42747670530246e-04
  4.62753700658278e-04  4.83663515101580e-04  5.05517927831769e-04
  5.28359594868000e-04  5.52233097322142e-04  5.77185028211654e-04
  6.03264083154223e-04  6.30521155165316e-04  6.59009433707336e-04
  6.88784508213649e-04  7.19904476244834e-04  7.52430056548159e-04
  7.86424707162488e-04  8.21954748872711e-04  8.59089494190466e-04
  8.97901382153914e-04  9.38466119169616e-04  9.80862826216706e-04
  1.02517419262329e-03  1.07148663681481e-03  1.11989047422082e-03
  1.17048009278558e-03  1.22335413632071e-03  1.27861569612577e-03
  1.33637251118061e-03  1.39673717738116e-03  1.45982736609541e-03
  1.52576605261384e-03  1.59468175477945e-03  1.66670878238000e-03
  1.74198749769263e-03  1.82066458775542e-03  1.90289334878986e-03
  1.98883398346861e-03  2.07865391138915e-03  2.17252809359668e-03
  2.27063937153002e-03  2.37317882124157e-03  2.48034612342933e-03
  2.59234995007056e-03  2.70940836833659e-03  2.83174926262989e-03
  2.95961077544205e-03  3.09324176802888e-03  3.23290230154820e-03
  3.37886413990435e-03  3.53141127484703e-03  3.69084047474383e-03
  3.85746185770875e-03  4.03159949042699e-03  4.21359201365714e-03
  4.40379329570475e-03  4.60257311497165e-03  4.81031787307096e-03
  5.02743133955945e-03  5.25433543010436e-03  5.49147101904738e-03
  5.73929878841292e-03  5.99830011452111e-03  6.26897799420460e-03
  6.55185801206501e-03  6.84748935099331e-03  7.15644584725506e-03
  7.47932709284537e-03  7.81675958644797e-03  8.16939793573794e-03
  8.53792611285209e-03  8.92305876572109e-03  9.32554258723970e-03
  9.74615774552711e-03  1.01857193769439e-02  1.06450791458128e-02
  1.11251268725629e-02  1.16267922342621e-02  1.21510465399757e-02
  1.26989045848459e-02  1.32714265854724e-02  1.38697202013509e-02
  1.44949426445996e-02  1.51483028833077e-02  1.58310639413392e-02
  1.65445452996357e-02  1.72901254026746e-02  1.80692442755726e-02
  1.88834062551585e-02  1.97341828419484e-02  2.06232156758004e-02
  2.15522196429696e-02  2.25229861182162e-02  2.35373863491097e-02
  2.45973749877983e-02  2.57049937771102e-02  2.68623753968803e-02
  2.80717474783486e-02  2.93354367922558e-02  3.06558736202490e-02
  3.20355963141678e-02  3.34772560551238e-02  3.49836218166928e-02
  3.65575855443208e-02  3.82021675575575e-02  3.99205221859635e-02
  4.17159436474079e-02  4.35918721801578e-02  4.55519004373986e-02
  4.75997801579602e-02  4.97394291207072e-02  5.19749383992297e-02
  5.43105799241993e-02  5.67508143703127e-02  5.93002993779057e-02
  6.19638981258832e-02  6.47466882663348e-02  6.76539712412963e-02
  7.06912819900652e-02  7.38643990699457e-02  7.71793552013084e-02
  8.06424482581106e-02  8.42602527182407e-02  8.80396315964966e-02
  9.19877488725519e-02  9.61120824430037e-02  1.00420437606765e-01
  1.04920961116004e-01  1.09622155805457e-01  1.14532895829389e-01
  1.19662442523685e-01  1.25020460925136e-01  1.30617036961536e-01
  1.36462695352350e-01  1.42568418232692e-01  1.48945664539404e-01
  1.55606390179506e-01  1.62563069017137e-01  1.69828714700150e-01
  1.77416903370945e-01  1.85341797274626e-01  1.93618169319800e-01
  2.02261428603619e-01  2.11287646953930e-01  2.20713586510894e-01
  2.30556728396515e-01  2.40835302493786e-01  2.51568318396771e-01
  2.62775597542924e-01  2.74477806595859e-01  2.86696492097115e-01
  2.99454116445044e-01  3.12774095230063e-01  3.26680835987824e-01
  3.41199778387613e-01  3.56357435939069e-01  3.72181439217989e-01
  3.88700580702443e-01  4.05944861229624e-01  4.23945538146072e-01
  4.42735175184302e-01  4.62347694124753e-01  4.82818428278735e-01
  5.04184177860212e-01  5.26483267266733e-01  5.49755604359747e-01
  5.74042741733191e-01  5.99387940091428e-01  6.25836233707782e-01
  6.53434498074155e-01  6.82231519741429e-01  7.12278068421827e-01
  7.43626971375614e-01  7.76333190146101e-01  8.10453899644999e-01
  8.46048569676524e-01  8.83179048859115e-01  9.21909651063971e-01
  9.62307244303917e-01  1.00444134217163e+00  1.04838419778470e+00
  1.09421090030267e+00  1.14199947394943e+00  1.19183097965005e+00
  1.24378961912081e+00  1.29796284157943e+00  1.35444145287043e+00
  1.41331972712046e+00  1.47469552077857e+00  1.53867038904715e+00
  1.60534970459394e+00  1.67484277851699e+00  1.74726298339061e+00
  1.82272787839768e+00  1.90135933626173e+00  1.98328367203574e+00
  2.06863177337214e+00  2.15753923227753e+00  2.25014647799996e+00
  2.34659891094366e+00  2.44704703720764e+00  2.55164660367801e+00
  2.66055873306730e+00  2.77395005891289e+00  2.89199285979610e+00
  3.01486519268464e+00  3.14275102471088e+00  3.27584036306120e+00
  3.41432938232129e+00  3.55842054882948e+00  3.70832274124380e+00
  3.86425136689487e+00  4.02642847283519e+00  4.19508285131481e+00
  4.37045013821326e+00  4.55277290417219e+00  4.74230073691496e+00
  4.93929031410651e+00  5.14400546541401e+00  5.35671722276078e+00
  5.57770385731995e+00  5.80725090221429e+00  6.04565115907259e+00
  6.29320468755128e+00  6.55021877547758e+00  6.81700788873831e+00
  7.09389359843874e+00  7.38120448402172e+00  7.67927600991112e+00
  7.98845037418433e+00  8.30907632631596e+00  8.64150895283369e+00
  8.98610942721204e+00  9.34324472287680e+00  9.71328728560618e+00
  1.00966146636258e+01  1.04936090917315e+01  1.09046570277182e+01
  1.13301486366822e+01  1.17704772220946e+01  1.22260385983918e+01
  1.26972304040291e+01  1.31844513500333e+01  1.36881004020506e+01
  1.42085758917266e+01  1.47462745548444e+01  1.53015904919513e+01
  1.58749140494615e+01  1.64666306162759e+01  1.70771193348640e+01
  1.77067517209355e+01  1.83558901918900e+01  1.90248864979430e+01
  1.97140800560365e+01  2.04237961819965e+01  2.11543442201850e+01
  2.19060155675215e+01  2.26790815918975e+01  2.34737914417656e+01
  2.42903697490071e+01  2.51290142214683e+01  2.59898931301419e+01
  2.68731426869456e+01  2.77788643203366e+01  2.87071218469167e+01
  2.96579385461734e+01  3.06312941406034e+01  3.16271216890266e+01
  3.26453043976563e+01  3.36856723603483e+01  3.47479992335637e+01
  3.58319988625211e+01  3.69373218643408e+01  3.80635521908663e+01
  3.92102036788693e+01  4.03767166133299e+01  4.15624543177873e+01
  4.27666997996573e+01  4.39886524682311e+01  4.52274249610831e+01
  4.64820400963873e+01  4.77514279958245e+01  4.90344233989974e+01
  5.03297632167184e+01  5.16360843534742e+01  5.29519218480439e+01
  5.42757073670591e+01  5.56057681096665e+01  5.69403261561096e+01
  5.82774983287309e+01  5.96152965997289e+01  6.09516291154363e+01
  6.22843018801076e+01  6.36110211665768e+01  6.49293966992904e+01
  6.62369456820906e+01  6.75310977090740e+01  6.88092006364354e+01
  7.00685274485900e+01  7.13062841894440e+01  7.25196189933038e+01
  7.37056322740775e+01  7.48613880984044e+01  7.59839267951998e+01
  7.70702788057943e+01  7.81174798223194e+01  7.91225871902004e+01
  8.00826976065816e+01  8.09949660715094e+01  8.18566260869382e+01
  8.26650110416358e+01  8.34175767420998e+01  8.41119249875942e+01
  8.47458281232570e+01  8.53172544145726e+01  8.58243941469195e+01
  8.62656862451307e+01  8.66398452586715e+01  8.69458884778805e+01
  8.71831629590194e+01  8.73513721764334e+01  8.74506020379035e+01
  8.74813459129914e+01  8.74445283738562e+01  8.73415272484196e+01
  8.71741936300150e+01  8.69448694128523e+01  8.66564019641896e+01
  8.63121554533308e+01  8.59160184541569e+01  8.54724073070425e+01
  8.49862648570807e+01  8.44630540823266e+01  8.39087462227036e+01
  8.33298029823381e+01  8.27331524666818e+01  8.21261584820736e+01
  8.15165829702488e+01  8.09125412975777e+01  8.03224502990268e+01
  7.97549689650880e+01  7.92189318114102e+01  7.87232750326439e+01
  7.82769556862688e+01  7.78888642228117e+01  7.75677308776103e+01
  7.73220264887061e+01  7.71598585300604e+01  7.70888632314397e+01
  7.71160948431716e+01  7.72479132277818e+01  7.74898711346042e+01
  7.78466026166457e+01  7.83217142199166e+01  7.89176806700412e+01
  7.96357469029309e+01  8.04758383563245e+01  8.14364815366349e+01
  8.25147368611441e+01  8.37061458496372e+01  8.50046946454324e+01
  8.64027958422802e+01  8.78912904369561e+01  8.94594716249602e+01
  9.10951319180598e+01  9.27846348558289e+01  9.45130122671628e+01
  9.62640877076347e+01  9.80206263034876e+01  9.97645108092228e+01
  1.01476943188942e+02  1.03138670534030e+02  1.04730233577773e+02
  1.06232235479641e+02  1.07625627994098e+02  1.08892011514950e+02
  1.10013944914014e+02  1.10975260541833e+02  1.11761379169226e+02
  1.12359619263262e+02  1.12759494445995e+02  1.12952992786703e+02
  1.12934831219784e+02  1.12702678374543e+02  1.12257339017114e+02
  1.11602893591975e+02  1.10746786541185e+02  1.09699857751931e+02
  1.08476312012452e+02  1.07093622378804e+02  1.05572364331695e+02
  1.03935978911975e+02  1.02210464430024e+02  1.00423997959477e+02
  9.86064894986921e+01  9.67890735756429e+01  9.50035448797093e+01
  9.32817464597120e+01  9.16549208770567e+01  9.01530364439703e+01
  8.88041023470075e+01  8.76334878022569e+01  8.66632615317503e+01
  8.59115686284678e+01  8.53920622090107e+01  8.51134072347209e+01
  8.50788732399328e+01  8.52860316817350e+01  8.57265719184820e+01
  8.63862477445923e+01  8.72449636050359e+01  8.82770065728969e+01
  8.94514264422522e+01  9.07325624520036e+01  9.20807108881114e+01
  9.34529235516307e+01  9.48039226982241e+01  9.60871139514580e+01
  9.72556747917591e+01  9.82636928009895e+01  9.90673250776055e+01
  9.96259480847420e+01  9.99032660067698e+01  9.98683453412339e+01
  9.94965441266314e+01  9.87703059145450e+01  9.76797912371852e+01
  9.62233230403228e+01  9.44076270225048e+01  9.22478532360317e+01
  8.97673711985423e+01  8.69973373621485e+01  8.39760404487532e+01
  8.07480372358448e+01  7.73630980678012e+01  7.38749879943128e+01
  7.03401153571910e+01  6.68160848703308e+01  6.33601964554279e+01
  6.00279340985107e+01  5.68714905766058e+01  5.39383740257356e+01
  5.12701406758875e+01  4.89012948975702e+01  4.68583927919694e+01
  4.51593792168560e+01  4.38131805229092e+01  4.28195666732810e+01
  4.21692872312130e+01  4.18444762494624e+01  4.18193117915052e+01
  4.20609069859474e+01  4.25304014789159e+01  4.31842152029929e+01
  4.39754207710923e+01  4.48551868039868e+01  4.57742423084457e+01
  4.66843120108511e+01  4.75394743743685e+01  4.82973978777513e+01
  4.89204168155440e+01  4.93764151465891e+01  4.96394953636740e+01
  4.96904185616941e+01  4.95168113133984e+01  4.91131441926800e+01
  4.84804952940765e+01  4.76261195690568e+01  4.65628508798978e+01
  4.53083682077678e+01  4.38843603234243e+01  4.23156244725253e+01
  4.06291343072486e+01  3.88531106170804e+01  3.70161255472921e+01
  3.51462672264617e+01  3.32703872795705e+01  3.14134488574949e+01
  2.95979877716726e+01  2.78436943269601e+01  2.61671186410854e+01
  2.45814978051963e+01  2.30966992754378e+01  2.17192714920624e+01
  2.04525899633558e+01  1.92970849633079e+01  1.82505355921771e+01
  1.73084142178821e+01  1.64642652470389e+01  1.57101026480100e+01
  1.50368116753861e+01  1.44345416228520e+01  1.38930781711306e+01
  1.34021857874034e+01  1.29519126681779e+01  1.25328527511725e+01
  1.21363613072843e+01  1.17547225075001e+01  1.13812690735776e+01
  1.10104556532062e+01  1.06378888645043e+01  1.02603180215023e+01
  9.87559136957915e+00  9.48258322277474e+00  9.08109771437938e+00
  8.67175496142750e+00  8.25586532203739e+00  7.83529712951378e+00
  7.41234283806175e+00  6.98958796112934e+00  6.56978654725891e+00
  6.15574626349046e+00  5.75022546355798e+00  5.35584394512341e+00
  4.97500845406794e+00  4.60985340913725e+00  4.26219678648179e+00
  3.93351065505789e+00  3.62490546617759e+00  3.33712689993972e+00
  3.07056383875931e+00  2.82526587847574e+00  2.60096869773525e+00
  2.39712557375888e+00  2.21294336077703e+00  2.04742132151660e+00
  1.89939131978526e+00  1.76755803425695e+00  1.65053802968196e+00
  1.54689671569187e+00  1.45518242357506e+00  1.37395702963666e+00
  1.30182274295982e+00  1.23744484657532e+00  1.17957033196054e+00
  1.12704249275763e+00  1.07881164471436e+00  1.03394221618827e+00
  9.91616509177769e-01  9.51135467140851e-01  9.11916808128290e-01
  8.73490890041770e-01  8.35494674592396e-01  7.97664148253569e-01
  7.59825544843837e-01  7.21885695989760e-01  6.83821814388777e-01
  6.45670990302336e-01  6.07519655927474e-01  5.69493244513345e-01
  5.31746242955821e-01  4.94452807686536e-01  4.57798085010785e-01
  4.21970348638867e-01  3.87154039567961e-01  3.53523766804660e-01
  3.21239302129188e-01  2.90441578133992e-01  2.61249676583445e-01
  2.33758773746509e-01  2.08038990889025e-01  1.84135082018027e-01
  1.62066877030685e-01  1.41830387312308e-01  1.23399472261943e-01
  1.06727959723234e-01  9.17521107943328e-02  7.83933200112813e-02
  6.65609455079880e-02  5.61551701501937e-02  4.70698036741248e-02
  3.91949470408171e-02  3.24194531591607e-02  2.66331321812327e-02
  2.17286642123638e-02  1.76031968106401e-02  1.41596185409207e-02
  1.13075125191602e-02  8.96380492341218e-03  7.05313250306962e-03
  5.50796001462176e-03  4.26848316091202e-03  3.28235509023373e-03
  2.50427497930892e-03  1.89547596339805e-03  1.42314696136105e-03
  1.05981922906439e-03  7.82743978303249e-04  5.73282645058465e-04
  4.16326516979291e-04  2.99757826134120e-04  2.13960194703105e-04
  1.51382657932516e-04  1.06158446697846e-04  7.37773128412556e-05
  5.08084041750252e-05  3.46694887776756e-05  2.34376155837704e-05
  1.56959932063470e-05  1.04118833642473e-05  6.84055264071253e-06
  4.45073173881714e-06  2.86752763538276e-06  1.82927130339615e-06
  1.15531909495648e-06  7.22335013974607e-07  4.47041771405762e-07
  2.73835748838603e-07  1.66006094409436e-07  9.95882545648456e-08
  5.91151046617812e-08  3.47175430256448e-08  2.01701210248610e-08
  1.15910494475099e-08  6.58760147098221e-09  3.70217568986889e-09
  2.05694823414128e-09  1.12967293874985e-09  6.13081410869978e-10
  3.28723921178179e-10  1.74075217112774e-10  9.10119652794116e-11
  4.69650095549928e-11  2.39108742935070e-11  1.20053458385966e-11
  5.94171094276917e-12  2.89729334589209e-12  1.39120924823732e-12
  6.57469946795817e-13  3.05630248441203e-13  1.39669727501896e-13
  6.27103654173101e-14  2.76459408447349e-14  1.19593307503480e-14
  5.07327715805146e-15  2.10910003121136e-15  8.58722012460589e-16
  3.42175351654215e-16  1.33358134189102e-16  5.08172094849256e-17
  1.89107032031739e-17  6.86482947206584e-18  2.42624454287617e-18
  8.31137998316221e-19  2.72502115376383e-19  8.21334333523923e-20
  2.63139674803348e-20  8.19249805189345e-21  2.47673656759273e-21
  7.26508777671891e-22  2.06612889280342e-22  5.69220657432494e-23
  1.51793996741986e-23  3.91485423677850e-24
  3.60964376258535e-36  4.31609287926533e-36  5.16079872168159e-36
  6.17081848348916e-36  7.37850439653187e-36  8.82253993093604e-36
  1.05491787656298e-35  1.26137262072974e-35  1.50823104996761e-35
  1.80340007477419e-35  2.15633392813558e-35  2.57833695526531e-35
  3.08292565301476e-35  3.68626155232634e-35  4.40766880561828e-35
  5.27025305306685e-35  6.30164138466944e-35  7.53486709224912e-35
  9.00942754135475e-35  1.07725490359354e-34  1.28806991757934e-34
  1.54013951306247e-34  1.84153657283408e-34  2.20191365827217e-34
  2.63281210286594e-34  3.14803158261321e-34  3.76407199540308e-34
  4.50066179635922e-34  5.38138970356992e-34  6.43445999775952e-34
  7.69359559558229e-34  9.19911780642198e-34  1.09992373379483e-33
  1.31515978772873e-33  1.57251216588907e-33  1.88022160954156e-33
  2.24814121043081e-33  2.68805185782301e-33  3.21403939667460e-33
  3.84294556851068e-33  4.59490716780314e-33  5.49400066961675e-33
  6.56901295924527e-33  7.85436282983564e-33  9.39120273798563e-33
  1.12287360751726e-32  1.34257921082510e-32  1.60527089862444e-32
  1.91935850667915e-32  2.29489705987489e-32  2.74390858849960e-32
  3.28076688910437e-32  3.92265754008362e-32  4.69012788912135e-32
  5.60774460770421e-32  6.70487984811090e-32  8.01665115155681e-32
  9.58504517331616e-32  1.14602611690456e-31  1.37023172142862e-31
  1.63829705304584e-31  1.95880133344245e-31  2.34200176353943e-31
  2.80016167571689e-31  3.34794285224475e-31  4.00287455496049e-31
  4.78591426341340e-31  5.72211805015872e-31  6.84144202627914e-31
  8.17970047929057e-31  9.77971133345752e-31  1.16926655487616e-30
  1.39797642308031e-30  1.67141757780484e-30  1.99833756183639e-30
  2.38919433097694e-30  2.85649063918428e-30  3.41517378388373e-30
  4.08311348436191e-30  4.88167316154299e-30  5.83639287044176e-30
  6.97780570206572e-30  8.34241373336404e-30  9.97385469803176e-30
  1.19242966397392e-29  1.42561050874260e-29  1.70438359909405e-29
  2.03766180527900e-29  2.43610005187601e-29  2.91243573434134e-29
  3.48189563986658e-29  4.16268236119642e-29  4.97655572783241e-29
  5.94952780997636e-29  7.11269367270336e-29  8.50322438699463e-29
  1.01655539780570e-28  1.21527981744105e-28  1.45284502109462e-28
  1.73684077697711e-28  2.07633956964587e-28  2.48218617409312e-28
  2.96734376436356e-28  3.54730758982874e-28  4.24059940440065e-28
  5.06935840591539e-28  6.06004751594771e-28  7.24429750276811e-28
  8.65991583801958e-28  1.03520924209544e-27  1.23748405689777e-27
  1.47927191588232e-27  1.76828907468352e-27  2.11375811826459e-27
  2.52670189991949e-27  3.02029481151044e-27  3.61028256115051e-27
  4.31548381178153e-27  5.15838963531958e-27  6.16587984465138e-27
  7.37007897801157e-27  8.80937914516316e-27  1.05296622423993e-26
  1.25857603717528e-26  1.50432008588569e-26  1.79802912936891e-26
  2.14906108029547e-26  2.56859866457220e-26  3.07000506093809e-26
  3.66924880599827e-26  4.38541144487107e-26  5.24129402871956e-26
  6.26414169091555e-26  7.48650927171476e-26  8.94729542568313e-26
  1.06929779769046e-25  1.27790896526123e-25  1.52719809269538e-25
  1.82509257820690e-25  2.18106370300978e-25  2.60642707772426e-25
  3.11470150573696e-25  3.72203761030409e-25  4.44772977362517e-25
  5.31482756405575e-25  6.35086596469584e-25  7.58873746104271e-25
  9.06773351500801e-25  1.08347882870871e-24  1.29459638354267e-24
  1.54682236190384e-24  1.84815502004712e-24  2.20814738645552e-24
  2.63820917825237e-24  3.15196727591021e-24  3.76569609832529e-24
  4.49883141390472e-24  5.37458373990092e-24  6.42067060424508e-24
  7.67019066799012e-24  9.16266714863867e-24  1.09452932832066e-23
  1.30744188891763e-23  1.56173246184538e-23  1.86543394874163e-23
  2.22813679842401e-23  2.66129058349730e-23  3.17856387480185e-23
  3.79627366246836e-23  4.53389773818145e-23  5.41468603525529e-23
  6.46639000065991e-23  7.72213274146587e-23  9.22144706002539e-23
  1.10115137023283e-22  1.31486383524796e-22  1.57000133040327e-22
  1.87458185527696e-22  2.23817275561678e-22  2.67218954131763e-22
  3.19025221177077e-22  3.80861012849413e-22  4.54664858837084e-22
  5.42749276750787e-22  6.47872770237330e-22  7.73325654265170e-22
  9.23032355763809e-22  1.10167334338705e-21  1.31483044195538e-21
  1.56916000329024e-21  1.87259925744884e-21  2.23461218237676e-21
  2.66648243651921e-21  3.18166233411762e-21  3.79618855006668e-21
  4.52917727160477e-21  5.40341392854852e-21  6.44605550478326e-21
  7.68946684696735e-21  9.17221644402194e-21  1.09402619736922e-20
  1.30483616445198e-20  1.55617541720484e-20  1.85581583212218e-20
  2.21301525599806e-20  2.63880067887483e-20  3.14630516726888e-20
  3.75116872080259e-20  4.47201512759392e-20  5.33101916366577e-20
  6.35458117607851e-20  7.57412928713225e-20  9.02707325130191e-20
  1.07579384983050e-19  1.28197142355982e-19  1.52754558172411e-19
  1.82001890963979e-19  2.16831733837658e-19  2.58305901904426e-19
  3.07687374457072e-19  3.66478237072500e-19  4.36464744496654e-19
  5.19770833282053e-19  6.18921659650572e-19  7.36919029957317e-19
  8.77330936748039e-19  1.04439782253666e-18  1.24315867765513e-18
  1.47960065155367e-18  1.76083653482686e-18  2.09531527120317e-18
  2.49307160707222e-18  2.96602210754616e-18  3.52831609374119e-18
  4.19675162286027e-18  4.99126848429534e-18  5.93553237265923e-18
  7.05762698272319e-18  8.39087382318545e-18  9.97480314953212e-18
  1.18563036702125e-17  1.40909837009749e-17  1.67447823665394e-17
  1.98958764382391e-17  2.36369366399651e-17  2.80777969766518e-17
  3.33486121011385e-17  3.96035912458815e-17  4.70254131680528e-17
  5.58304453162840e-17  6.62749125265407e-17  7.86621865800021e-17
  9.33513986021162e-17  1.10767612356695e-16  1.31413838949078e-16
  1.55885223414913e-16  1.84885792448612e-16  2.19248221660139e-16
  2.59957162045930e-16  3.08176760941475e-16  3.65283125068611e-16
  4.32902605325036e-16  5.12956938085260e-16  6.07716460010497e-16
  7.19862827376787e-16  8.52562922220806e-16  1.00955592261246e-15
  1.19525586061135e-15  1.41487239778553e-15  1.67455302488121e-15
  1.98155045141364e-15  2.34441960675343e-15  2.77324944324049e-15
  3.27993563334365e-15  3.87850130948517e-15  4.58547423345861e-15
  5.42033023316304e-15  6.40601444403649e-15  7.56955388331495e-15
  8.94277721648702e-15  1.05631603050199e-14  1.24748193199942e-14
  1.47296769466882e-14  1.73888315827520e-14  2.05241645548953e-14
  2.42202263721792e-14  2.85764500448078e-14  3.37097476976672e-14
  3.97575562982196e-14  4.68814095335549e-14  5.52711259834467e-14
  6.51497190673634e-14  7.67791521638928e-14  9.04670832480422e-14
  1.06574767875283e-13  1.25526317952361e-13  1.47819547170412e-13
  1.74038673046014e-13  2.04869191164408e-13  2.41115290554932e-13
  2.83720241440292e-13  3.33790259400763e-13  3.92622435032173e-13
  4.61737417535075e-13  5.42917656719628e-13  6.38252143495566e-13
  7.50188747298076e-13  8.81595433914585e-13  1.03583186334113e-12
  1.21683311981129e-12  1.42920762117730e-12  1.67835159954486e-12
  1.97058294784986e-12  2.31329769774937e-12  2.71515294428950e-12
  3.18628067569938e-12  3.73853771821545e-12  4.38579788430798e-12
  5.14429343993045e-12  6.03301420752402e-12  7.07417402626802e-12
  8.29375593429915e-12  9.72214936002652e-12  1.13948948592555e-11
  1.33535545673353e-11  1.56467296180942e-11  1.83312493889569e-11
  2.14735616588319e-11  2.51513577149644e-11  2.94554722458367e-11
  3.44921046557811e-11  4.03854164053816e-11  4.72805683290973e-11
  5.53472728412885e-11  6.47839488050230e-11  7.58225819324497e-11
  8.87344113082635e-11  1.03836583436061e-10  1.21499939665211e-10
  1.42158131571596e-10  1.66318292655207e-10  1.94573534415640e-10
  2.27617581585041e-10  2.66261916269459e-10  3.11455865422988e-10
  3.64310142292378e-10  4.26124442142950e-10  4.98419798328320e-10
  5.82976529329433e-10  6.81878754263726e-10  7.97566627624758e-10
  9.32897648296894e-10  1.09121863908731e-09  1.27645027758741e-09
  1.49318639535470e-09  1.74681065898551e-09  2.04363371613891e-09
  2.39105444269108e-09  2.79774958290179e-09  3.27389684787817e-09
  3.83143745294685e-09  4.48438515715942e-09  5.24919014797063e-09
  6.14516762852994e-09  7.19500275707722e-09  8.42534570716592e-09
  9.86751312764646e-09  1.15583152480615e-08  1.35410313915039e-08
  1.58665608133468e-08  1.85947807077115e-08  2.17961490465659e-08
  2.55535968159911e-08  2.99647623584835e-08  3.51446302060826e-08
  4.12286481807490e-08  4.83764100758748e-08  5.67760071960069e-08
  6.66491709254049e-08  7.82573508582416e-08  9.19088993893950e-08
  1.07967564908432e-07  1.26862532561828e-07  1.49100295087031e-07
  1.75278687591868e-07  2.06103480781425e-07  2.42407998632422e-07
  2.85176310808097e-07  3.35570649442637e-07  3.94963816942874e-07
  4.64977489110859e-07  5.47527480004322e-07  6.44877225299989e-07
  7.59700964966059e-07  8.95158368455568e-07  1.05498265472157e-06
  1.24358461985441e-06  1.46617540990730e-06  1.72891137136785e-06
  2.03906489209971e-06  2.40522582373799e-06  2.83753886610742e-06
  3.34798322015090e-06  3.95070188686572e-06  4.66238924568840e-06
  5.50274699759782e-06  6.49502024926062e-06  7.66662747537431e-06
  9.04990036452531e-06  1.06829521859356e-05  1.26106963427226e-05
  1.48860402885243e-05  1.75712840119735e-05  2.07397569415428e-05
  2.44777324478348e-05  2.88866652545871e-05  3.40858040232072e-05
  4.02152394511166e-05  4.74394572463169e-05  5.59514758213345e-05
  6.59776602836648e-05  7.77833176800147e-05  9.16791936244963e-05
  1.08029007430730e-04  1.27258182154290e-04  1.49863947474464e-04
  1.76427017537009e-04  2.07625072749789e-04  2.44248304724161e-04
  2.87217316542717e-04  3.37603707678541e-04  3.96653713120655e-04
  4.65815310890828e-04  5.46769260531428e-04  6.41464588246899e-04
  7.52159090721509e-04  8.81465492128100e-04  1.03240395308481e-03
  1.20846170107156e-03  1.41366062447919e-03  1.65263374878880e-03
  1.93071159347720e-03  2.25401948694621e-03  2.62958700045485e-03
  3.06547073982826e-03  3.57089181297701e-03  4.15638936349461e-03
  4.83399162550073e-03  5.61740601267640e-03  6.52222978982952e-03
  7.56618291206104e-03  8.76936460068656e-03  1.01545352210658e-02
  1.17474249536936e-02  1.35770706632714e-02  1.56761822334653e-02
  1.80815394249335e-02  2.08344200945222e-02  2.39810602488836e-02
  2.75731460543389e-02  3.16683374074889e-02  3.63308221111616e-02
  4.16318990332058e-02  4.76505877995136e-02  5.44742617483939e-02
  6.21992997547023e-02  7.09317515045674e-02  8.07880094659557e-02
  9.18954794877889e-02  1.04393240479018e-01  1.18432682097508e-01
  1.34178107719787e-01  1.51807288353001e-01  1.71511951367034e-01
  1.93498186350852e-01  2.17986748455400e-01  2.45213238322311e-01
  2.75428135521923e-01  3.08896661622304e-01  3.45898446987427e-01
  3.86726974750037e-01  4.31688774261787e-01  4.81102335767531e-01
  5.35296718112097e-01  5.94609821427221e-01  6.59386298157939e-01
  7.29975077340878e-01  8.06726480254503e-01  8.89988909134597e-01
  9.80105096335649e-01  1.07740790748161e+00  1.18221570097188e+00
  1.29482725508320e+00  1.41551628684238e+00  1.54452559777912e+00
  1.68206089824873e+00  1.82828437532369e+00  1.98330808647447e+00
  2.14718727630430e+00  2.31991372838065e+00  2.50140927754361e+00
  2.69151961749685e+00  2.89000854630796e+00  3.09655279265388e+00
  3.31073756745284e+00  3.53205297408446e+00  3.75989140916170e+00
  3.99354606905014e+00  4.23221067680532e+00  4.47498053487899e+00
  4.72085501360500e+00  4.96874158702808e+00  5.21746153074243e+00
  5.46575739074848e+00  5.71230230962355e+00  5.95571125183751e+00
  6.19455410309026e+00  6.42737052888387e+00  6.65268638162391e+00
  6.86903134690165e+00  7.07495743681481e+00  7.26905787484823e+00
  7.44998588106828e+00  7.61647285836792e+00  7.76734549934001e+00
  7.90154137646581e+00  8.01812264028723e+00  8.11628752771563e+00
  8.19537946827333e+00  8.25489366669868e+00  8.29448112840354e+00
  8.31395017741098e+00  8.31326558807215e+00  8.29254551279256e+00
  8.25205642896985e+00  8.19220636082078e+00  8.11353664199320e+00
  8.01671248311553e+00  7.90251259957256e+00  7.77181812781160e+00
  7.62560103754717e+00  7.46491221160290e+00  7.29086934578786e+00
  7.10464478668222e+00  6.90745341675484e+00  6.70054067558239e+00
  6.48517080519110e+00  6.26261540565291e+00  6.03414238968528e+00
  5.80100543177401e+00  5.56443400925409e+00  5.32562413439758e+00
  5.08572986778416e+00  4.84585569811553e+00  4.60704984528951e+00
  4.37029853498745e+00  4.13652125320055e+00  3.90656698030805e+00
  3.68121137287926e+00  3.46115485183602e+00  3.24702154509730e+00
  3.03935902513053e+00  2.83863878588295e+00  2.64525740060614e+00
  2.45953830725443e+00  2.28173416814120e+00  2.11202975045320e+00
  1.95054527303539e+00  1.79734016100338e+00  1.65241714605274e+00
  1.51572664655097e+00  1.38717135774258e+00  1.26661098124796e+00
  1.15386702241905e+00  1.04872758656944e+00  9.50952108568286e-01
  8.60275957482828e-01  7.76414862403868e-01  6.99069118068076e-01
  6.27927532480319e-01  5.62671094127178e-01  5.02976337444834e-01
  4.48518401138011e-01  3.98973773990953e-01  3.54022733505876e-01
  3.13351485553079e-01  2.76654016167625e-01  2.43633671166172e-01
  2.14004478312634e-01  1.87492229097017e-01  1.63835336494614e-01
  1.42785484318429e-01  1.24108084076178e-01  1.07582553560713e-01
  9.30024317773071e-02  8.01753442681212e-02  6.89228330042766e-02
  5.90800657537907e-02  5.04954400159301e-02  4.30300974535369e-02
  3.65573650107303e-02  3.09621388390843e-02  2.61402268947351e-02
  2.19976651915105e-02  1.84500209852494e-02  1.54216953032292e-02
  1.28452348271179e-02  1.06606615580181e-02  8.81482684891968e-03
  7.26079473135391e-03  5.95725799060129e-03  4.86798918868368e-03
  3.96132779310077e-03  3.20970373963897e-03  2.58919710417112e-03
  2.07913306927085e-03  1.66171100759875e-03  1.32166624736800e-03
  1.04596291016763e-03  8.23516100593560e-04  6.44941664670463e-04
  5.02331708684541e-04  3.89054072163346e-04  2.99573972022516e-04
  2.29296073833097e-04  1.74425297396288e-04  1.31844724294506e-04
  9.90090429411691e-05  7.38520401395667e-05  5.47067261010855e-05
  4.02367611082563e-05  2.93779356779166e-05  2.12885412688801e-05
  1.53075545235706e-05  1.09196439618093e-05  7.72609318677702e-06
  5.42081833488269e-06  3.77073896811237e-06  2.59984022308228e-06
  1.77633917502934e-06  1.20243948685085e-06  8.06225019114873e-07
  5.35304787702129e-07  3.51878191576061e-07  2.28940624284025e-07
  1.47395376372189e-07  9.38781916102333e-08  5.91361231348594e-08
  3.68327040002108e-08  2.26772340753730e-08  1.37975826368424e-08
  8.29374188721301e-09  4.92388635365769e-09  2.88634332272984e-09
  1.67008954716284e-09  9.53562899666837e-10  5.37080326824481e-10
  2.98310286855601e-10  1.63339478647151e-10  8.81371117750558e-11
  4.68508700738149e-11  2.45250401367630e-11  1.26378271479915e-11
  6.40823345235606e-12  3.19620877544141e-12  1.56742021486418e-12
  7.55451527187213e-13  3.57693151390838e-13  1.66304517691015e-13
  7.58905700751660e-14  3.39748116861733e-14  1.49142443313397e-14
  6.41658784636549e-15  2.70421755997591e-15  1.11580066395875e-15
  4.50514610309203e-16  1.77886519491204e-16  6.86587075713189e-17
  2.59031409550181e-17  9.54142689203654e-18  3.42949020800828e-18
  1.20220480642580e-18  4.10895794884909e-19  1.36985378562006e-19
  4.46704213477403e-20  1.42190232221435e-20  4.39677315142560e-21
  1.31975809405154e-21  3.84258888384034e-22  1.08439594816082e-22
  2.96375849041436e-23  7.83856543150132e-24  2.00450984605505e-24
  4.95207788833347e-25  1.18085038139467e-25  2.71544665378016e-26
  6.01627498575127e-27  1.28305416555466e-27  2.63132059399879e-28
  5.18422608192637e-29  9.80244785413321e-30  1.77694289724903e-30
  3.08487210741675e-31  5.12330627509464e-32  8.13065639809266e-33
  1.23158208938567e-33  1.77848936430602e-34  2.44547961529038e-35
  3.19788694363179e-36  3.97188103406026e-37  4.67947605347061e-38
  5.22258560971846e-39  5.51399060694645e-40  5.49956447284437e-41
  5.17424098310830e-42  4.58542398981759e-43  3.82180930334250e-44
  2.99116737922019e-45  2.19484094222559e-46
