#     Radial coefficients Phi_{h} of D_{h} in the harmonic 
#     expansion of the Coulomb potential divided by r^{\ell}
#     Phi(1) is from \int_{0}^{r} {r\Pr^{\ell} \over r^{\ell+1}} ...
#     Phi(2) is from \int_{r}^{S} {r^{\ell} \over r\Pr^{\ell+1}} ...
#     Phi(out) is from V_{ext}(S)
# type = 0
# h = 0 (l = 0)
@ type xy
 0  867.105239627934  .000013509726580  865.468877303040  1.63634881516714
 1  867.105239280621  .000014137604734  865.468876327849  1.63634881516714
 2  867.105238920891  .000014793438288  865.468875312285  1.63634881516714
 3  867.105238540964  .000015478501272  865.468874247296  1.63634881516714
 4  867.105238146395  .000016194125041  865.468873137102  1.63634881516714
 5  867.105237731411  .000016941700863  865.468871974543  1.63634881516714
 6  867.105237298604  .000017722682642  865.468870760754  1.63634881516714
 7  867.105236844606  .000018538589747  865.468869490849  1.63634881516714
 8  867.105236372044  .000019391009979  865.468868165867  1.63634881516714
 9  867.105235874439  .000020281602673  865.468866777669  1.63634881516714
 10  867.105235357701  .000021212101929  865.468865330432  1.63634881516714
 11  867.105234813745  .000022184320000  865.468863814258  1.63634881516714
 12  867.105234247805  .000023200150829  865.468862232487  1.63634881516714
 13  867.105233653777  .000024261573746  865.468860577037  1.63634881516714
 14  867.105233033902  .000025370657329  865.468858848078  1.63634881516714
 15  867.105232384449  .000026529563443  865.468857039718  1.63634881516714
 16  867.105231707664  .000027740551461  865.468855151945  1.63634881516714
 17  867.105230996669  .000029005982672  865.468853175520  1.63634881516714
 18  867.105230256960  .000030328324896  865.468851113468  1.63634881516714
 19  867.105229480017  .000031710157295  865.468848954692  1.63634881516714
&
# h = 1 (l = 1)
@ type xy
 0  .000000001385645  .000000000000000  .000000000000000  .000000001385645
 1  .000000001385645  .000000000000000  .000000000000000  .000000001385645
 2  .000000001385645  .000000000000000  .000000000000000  .000000001385645
 3  .000000001385645  .000000000000000  .000000000000000  .000000001385645
 4  .000000001385645  .000000000000000  .000000000000000  .000000001385645
 5  .000000001385645  .000000000000000  .000000000000000  .000000001385645
 6  .000000001385645  .000000000000000  .000000000000000  .000000001385645
 7  .000000001385645  .000000000000000  .000000000000000  .000000001385645
 8  .000000001385645  .000000000000000  .000000000000000  .000000001385645
 9  .000000001385645  .000000000000000  .000000000000000  .000000001385645
 10  .000000001385645  .000000000000000  .000000000000000  .000000001385645
 11  .000000001385645  .000000000000000  .000000000000000  .000000001385645
 12  .000000001385645  .000000000000000  .000000000000000  .000000001385645
 13  .000000001385645  .000000000000000  .000000000000000  .000000001385645
 14  .000000001385645  .000000000000000  .000000000000000  .000000001385645
 15  .000000001385645  .000000000000000  .000000000000000  .000000001385645
 16  .000000001385645  .000000000000000  .000000000000000  .000000001385645
 17  .000000001385645  .000000000000000  .000000000000000  .000000001385645
 18  .000000001385645  .000000000000000  .000000000000000  .000000001385645
 19  .000000001385645  .000000000000000  .000000000000000  .000000001385645
&
# h = 2 (l = 2)
@ type xy
 0 -.015798606055190  .000000000000000 -.000000000000342 -.015798606054848
 1 -.015798606055190  .000000000000000 -.000000000000342 -.015798606054848
 2 -.015798606055190  .000000000000000 -.000000000000342 -.015798606054848
 3 -.015798606055190  .000000000000000 -.000000000000342 -.015798606054848
 4 -.015798606055190  .000000000000000 -.000000000000342 -.015798606054848
 5 -.015798606055190  .000000000000000 -.000000000000342 -.015798606054848
 6 -.015798606055190  .000000000000000 -.000000000000342 -.015798606054848
 7 -.015798606055190  .000000000000000 -.000000000000342 -.015798606054848
 8 -.015798606055190  .000000000000000 -.000000000000342 -.015798606054848
 9 -.015798606055190  .000000000000000 -.000000000000342 -.015798606054848
 10 -.015798606055190  .000000000000000 -.000000000000342 -.015798606054848
 11 -.015798606055190  .000000000000000 -.000000000000342 -.015798606054848
 12 -.015798606055190  .000000000000000 -.000000000000342 -.015798606054848
 13 -.015798606055190  .000000000000000 -.000000000000342 -.015798606054848
 14 -.015798606055190  .000000000000000 -.000000000000342 -.015798606054848
 15 -.015798606055190  .000000000000000 -.000000000000342 -.015798606054848
 16 -.015798606055190  .000000000000000 -.000000000000342 -.015798606054848
 17 -.015798606055190  .000000000000000 -.000000000000342 -.015798606054848
 18 -.015798606055190  .000000000000000 -.000000000000342 -.015798606054848
 19 -.015798606055190  .000000000000000 -.000000000000342 -.015798606054848
&
# h = 3 (l = 3)
@ type xy
 0  .032831843792166  .000000000000000  .000000000000000  .032831843792166
 1  .032831843792166  .000000000000000  .000000000000000  .032831843792166
 2  .032831843792166  .000000000000000  .000000000000000  .032831843792166
 3  .032831843792166  .000000000000000  .000000000000000  .032831843792166
 4  .032831843792166  .000000000000000  .000000000000000  .032831843792166
 5  .032831843792166  .000000000000000  .000000000000000  .032831843792166
 6  .032831843792166  .000000000000000  .000000000000000  .032831843792166
 7  .032831843792166  .000000000000000  .000000000000000  .032831843792166
 8  .032831843792166  .000000000000000  .000000000000000  .032831843792166
 9  .032831843792166  .000000000000000  .000000000000000  .032831843792166
 10  .032831843792166  .000000000000000  .000000000000000  .032831843792166
 11  .032831843792166  .000000000000000  .000000000000000  .032831843792166
 12  .032831843792166  .000000000000000  .000000000000000  .032831843792166
 13  .032831843792166  .000000000000000  .000000000000000  .032831843792166
 14  .032831843792166  .000000000000000  .000000000000000  .032831843792166
 15  .032831843792166  .000000000000000  .000000000000000  .032831843792166
 16  .032831843792166  .000000000000000  .000000000000000  .032831843792166
 17  .032831843792166  .000000000000000  .000000000000000  .032831843792166
 18  .032831843792166  .000000000000000  .000000000000000  .032831843792166
 19  .032831843792166  .000000000000000  .000000000000000  .032831843792166
&
# h = 4 (l = 3)
@ type xy
 0 -.000000001284457  .000000000000000  .000000000000000 -.000000001284457
 1 -.000000001284457  .000000000000000  .000000000000000 -.000000001284457
 2 -.000000001284457  .000000000000000  .000000000000000 -.000000001284457
 3 -.000000001284457  .000000000000000  .000000000000000 -.000000001284457
 4 -.000000001284457  .000000000000000  .000000000000000 -.000000001284457
 5 -.000000001284457  .000000000000000  .000000000000000 -.000000001284457
 6 -.000000001284457  .000000000000000  .000000000000000 -.000000001284457
 7 -.000000001284457  .000000000000000  .000000000000000 -.000000001284457
 8 -.000000001284457  .000000000000000  .000000000000000 -.000000001284457
 9 -.000000001284457  .000000000000000  .000000000000000 -.000000001284457
 10 -.000000001284457  .000000000000000  .000000000000000 -.000000001284457
 11 -.000000001284457  .000000000000000  .000000000000000 -.000000001284457
 12 -.000000001284457  .000000000000000  .000000000000000 -.000000001284457
 13 -.000000001284457  .000000000000000  .000000000000000 -.000000001284457
 14 -.000000001284457  .000000000000000  .000000000000000 -.000000001284457
 15 -.000000001284457  .000000000000000  .000000000000000 -.000000001284457
 16 -.000000001284457  .000000000000000  .000000000000000 -.000000001284457
 17 -.000000001284457  .000000000000000  .000000000000000 -.000000001284457
 18 -.000000001284457  .000000000000000  .000000000000000 -.000000001284457
 19 -.000000001284457  .000000000000000  .000000000000000 -.000000001284457
&
# h = 5 (l = 4)
@ type xy
 0  .000000000872469  .000000000000000  .000000000000000  .000000000872469
 1  .000000000872469  .000000000000000  .000000000000000  .000000000872469
 2  .000000000872469  .000000000000000  .000000000000000  .000000000872469
 3  .000000000872469  .000000000000000  .000000000000000  .000000000872469
 4  .000000000872469  .000000000000000  .000000000000000  .000000000872469
 5  .000000000872469  .000000000000000  .000000000000000  .000000000872469
 6  .000000000872469  .000000000000000  .000000000000000  .000000000872469
 7  .000000000872469  .000000000000000  .000000000000000  .000000000872469
 8  .000000000872469  .000000000000000  .000000000000000  .000000000872469
 9  .000000000872469  .000000000000000  .000000000000000  .000000000872469
 10  .000000000872469  .000000000000000  .000000000000000  .000000000872469
 11  .000000000872469  .000000000000000  .000000000000000  .000000000872469
 12  .000000000872469  .000000000000000  .000000000000000  .000000000872469
 13  .000000000872469  .000000000000000  .000000000000000  .000000000872469
 14  .000000000872469  .000000000000000  .000000000000000  .000000000872469
 15  .000000000872469  .000000000000000  .000000000000000  .000000000872469
 16  .000000000872469  .000000000000000  .000000000000000  .000000000872469
 17  .000000000872469  .000000000000000  .000000000000000  .000000000872469
 18  .000000000872469  .000000000000000  .000000000000000  .000000000872469
 19  .000000000872469  .000000000000000  .000000000000000  .000000000872469
&
# h = 6 (l = 4)
@ type xy
 0 -.024163501878009  .000000000000000  .000000000000000 -.024163501878009
 1 -.024163501878009  .000000000000000  .000000000000000 -.024163501878009
 2 -.024163501878009  .000000000000000  .000000000000000 -.024163501878009
 3 -.024163501878009  .000000000000000  .000000000000000 -.024163501878009
 4 -.024163501878009  .000000000000000  .000000000000000 -.024163501878009
 5 -.024163501878009  .000000000000000  .000000000000000 -.024163501878009
 6 -.024163501878009  .000000000000000  .000000000000000 -.024163501878009
 7 -.024163501878009  .000000000000000  .000000000000000 -.024163501878009
 8 -.024163501878009  .000000000000000  .000000000000000 -.024163501878009
 9 -.024163501878009  .000000000000000  .000000000000000 -.024163501878009
 10 -.024163501878009  .000000000000000  .000000000000000 -.024163501878009
 11 -.024163501878009  .000000000000000  .000000000000000 -.024163501878009
 12 -.024163501878009  .000000000000000  .000000000000000 -.024163501878009
 13 -.024163501878009  .000000000000000  .000000000000000 -.024163501878009
 14 -.024163501878009  .000000000000000  .000000000000000 -.024163501878009
 15 -.024163501878009  .000000000000000  .000000000000000 -.024163501878009
 16 -.024163501878009  .000000000000000  .000000000000000 -.024163501878009
 17 -.024163501878009  .000000000000000  .000000000000000 -.024163501878009
 18 -.024163501878009  .000000000000000  .000000000000000 -.024163501878009
 19 -.024163501878009  .000000000000000  .000000000000000 -.024163501878009
&
# h = 7 (l = 5)
@ type xy
 0  .078686955905791  .000000000000000  .000000000000000  .078686955905791
 1  .078686955905791  .000000000000000  .000000000000000  .078686955905791
 2  .078686955905791  .000000000000000  .000000000000000  .078686955905791
 3  .078686955905791  .000000000000000  .000000000000000  .078686955905791
 4  .078686955905791  .000000000000000  .000000000000000  .078686955905791
 5  .078686955905791  .000000000000000  .000000000000000  .078686955905791
 6  .078686955905791  .000000000000000  .000000000000000  .078686955905791
 7  .078686955905791  .000000000000000  .000000000000000  .078686955905791
 8  .078686955905791  .000000000000000  .000000000000000  .078686955905791
 9  .078686955905791  .000000000000000  .000000000000000  .078686955905791
 10  .078686955905791  .000000000000000  .000000000000000  .078686955905791
 11  .078686955905791  .000000000000000  .000000000000000  .078686955905791
 12  .078686955905791  .000000000000000  .000000000000000  .078686955905791
 13  .078686955905791  .000000000000000  .000000000000000  .078686955905791
 14  .078686955905791  .000000000000000  .000000000000000  .078686955905791
 15  .078686955905791  .000000000000000  .000000000000000  .078686955905791
 16  .078686955905791  .000000000000000  .000000000000000  .078686955905791
 17  .078686955905791  .000000000000000  .000000000000000  .078686955905791
 18  .078686955905791  .000000000000000  .000000000000000  .078686955905791
 19  .078686955905791  .000000000000000  .000000000000000  .078686955905791
&
# h = 8 (l = 5)
@ type xy
 0  .000000000665874  .000000000000000  .000000000000000  .000000000665874
 1  .000000000665874  .000000000000000  .000000000000000  .000000000665874
 2  .000000000665874  .000000000000000  .000000000000000  .000000000665874
 3  .000000000665874  .000000000000000  .000000000000000  .000000000665874
 4  .000000000665874  .000000000000000  .000000000000000  .000000000665874
 5  .000000000665874  .000000000000000  .000000000000000  .000000000665874
 6  .000000000665874  .000000000000000  .000000000000000  .000000000665874
 7  .000000000665874  .000000000000000  .000000000000000  .000000000665874
 8  .000000000665874  .000000000000000  .000000000000000  .000000000665874
 9  .000000000665874  .000000000000000  .000000000000000  .000000000665874
 10  .000000000665874  .000000000000000  .000000000000000  .000000000665874
 11  .000000000665874  .000000000000000  .000000000000000  .000000000665874
 12  .000000000665874  .000000000000000  .000000000000000  .000000000665874
 13  .000000000665874  .000000000000000  .000000000000000  .000000000665874
 14  .000000000665874  .000000000000000  .000000000000000  .000000000665874
 15  .000000000665874  .000000000000000  .000000000000000  .000000000665874
 16  .000000000665874  .000000000000000  .000000000000000  .000000000665874
 17  .000000000665874  .000000000000000  .000000000000000  .000000000665874
 18  .000000000665874  .000000000000000  .000000000000000  .000000000665874
 19  .000000000665874  .000000000000000  .000000000000000  .000000000665874
&
# h = 9 (l = 6)
@ type xy
 0 -.000000000036547  .000000000000000  .000000000000000 -.000000000036547
 1 -.000000000036547  .000000000000000  .000000000000000 -.000000000036547
 2 -.000000000036547  .000000000000000  .000000000000000 -.000000000036547
 3 -.000000000036547  .000000000000000  .000000000000000 -.000000000036547
 4 -.000000000036547  .000000000000000  .000000000000000 -.000000000036547
 5 -.000000000036547  .000000000000000  .000000000000000 -.000000000036547
 6 -.000000000036547  .000000000000000  .000000000000000 -.000000000036547
 7 -.000000000036547  .000000000000000  .000000000000000 -.000000000036547
 8 -.000000000036547  .000000000000000  .000000000000000 -.000000000036547
 9 -.000000000036547  .000000000000000  .000000000000000 -.000000000036547
 10 -.000000000036547  .000000000000000  .000000000000000 -.000000000036547
 11 -.000000000036547  .000000000000000  .000000000000000 -.000000000036547
 12 -.000000000036547  .000000000000000  .000000000000000 -.000000000036547
 13 -.000000000036547  .000000000000000  .000000000000000 -.000000000036547
 14 -.000000000036547  .000000000000000  .000000000000000 -.000000000036547
 15 -.000000000036547  .000000000000000  .000000000000000 -.000000000036547
 16 -.000000000036547  .000000000000000  .000000000000000 -.000000000036547
 17 -.000000000036547  .000000000000000  .000000000000000 -.000000000036547
 18 -.000000000036547  .000000000000000  .000000000000000 -.000000000036547
 19 -.000000000036547  .000000000000000  .000000000000000 -.000000000036547
&
# h = 10 (l = 6)
@ type xy
 0  .058598574569003  .000000000000000  .000000000000000  .058598574569003
 1  .058598574569003  .000000000000000  .000000000000000  .058598574569003
 2  .058598574569003  .000000000000000  .000000000000000  .058598574569003
 3  .058598574569003  .000000000000000  .000000000000000  .058598574569003
 4  .058598574569003  .000000000000000  .000000000000000  .058598574569003
 5  .058598574569003  .000000000000000  .000000000000000  .058598574569003
 6  .058598574569003  .000000000000000  .000000000000000  .058598574569003
 7  .058598574569003  .000000000000000  .000000000000000  .058598574569003
 8  .058598574569003  .000000000000000  .000000000000000  .058598574569003
 9  .058598574569003  .000000000000000  .000000000000000  .058598574569003
 10  .058598574569003  .000000000000000  .000000000000000  .058598574569003
 11  .058598574569003  .000000000000000  .000000000000000  .058598574569003
 12  .058598574569003  .000000000000000  .000000000000000  .058598574569003
 13  .058598574569003  .000000000000000  .000000000000000  .058598574569003
 14  .058598574569003  .000000000000000  .000000000000000  .058598574569003
 15  .058598574569003  .000000000000000  .000000000000000  .058598574569003
 16  .058598574569003  .000000000000000  .000000000000000  .058598574569003
 17  .058598574569003  .000000000000000  .000000000000000  .058598574569003
 18  .058598574569003  .000000000000000  .000000000000000  .058598574569003
 19  .058598574569003  .000000000000000  .000000000000000  .058598574569003
&
# h = 11 (l = 6)
@ type xy
 0 -.047370396401137  .000000000000000  .000000000000000 -.047370396401137
 1 -.047370396401137  .000000000000000  .000000000000000 -.047370396401137
 2 -.047370396401137  .000000000000000  .000000000000000 -.047370396401137
 3 -.047370396401137  .000000000000000  .000000000000000 -.047370396401137
 4 -.047370396401137  .000000000000000  .000000000000000 -.047370396401137
 5 -.047370396401137  .000000000000000  .000000000000000 -.047370396401137
 6 -.047370396401137  .000000000000000  .000000000000000 -.047370396401137
 7 -.047370396401137  .000000000000000  .000000000000000 -.047370396401137
 8 -.047370396401137  .000000000000000  .000000000000000 -.047370396401137
 9 -.047370396401137  .000000000000000  .000000000000000 -.047370396401137
 10 -.047370396401137  .000000000000000  .000000000000000 -.047370396401137
 11 -.047370396401137  .000000000000000  .000000000000000 -.047370396401137
 12 -.047370396401137  .000000000000000  .000000000000000 -.047370396401137
 13 -.047370396401137  .000000000000000  .000000000000000 -.047370396401137
 14 -.047370396401137  .000000000000000  .000000000000000 -.047370396401137
 15 -.047370396401137  .000000000000000  .000000000000000 -.047370396401137
 16 -.047370396401137  .000000000000000  .000000000000000 -.047370396401137
 17 -.047370396401137  .000000000000000  .000000000000000 -.047370396401137
 18 -.047370396401137  .000000000000000  .000000000000000 -.047370396401137
 19 -.047370396401137  .000000000000000  .000000000000000 -.047370396401137
&
# h = 12 (l = 7)
@ type xy
 0  .026549636599829  .000000000000000  .000000000000000  .026549636599829
 1  .026549636599829  .000000000000000  .000000000000000  .026549636599829
 2  .026549636599829  .000000000000000  .000000000000000  .026549636599829
 3  .026549636599829  .000000000000000  .000000000000000  .026549636599829
 4  .026549636599829  .000000000000000  .000000000000000  .026549636599829
 5  .026549636599829  .000000000000000  .000000000000000  .026549636599829
 6  .026549636599829  .000000000000000  .000000000000000  .026549636599829
 7  .026549636599829  .000000000000000  .000000000000000  .026549636599829
 8  .026549636599829  .000000000000000  .000000000000000  .026549636599829
 9  .026549636599829  .000000000000000  .000000000000000  .026549636599829
 10  .026549636599829  .000000000000000  .000000000000000  .026549636599829
 11  .026549636599829  .000000000000000  .000000000000000  .026549636599829
 12  .026549636599829  .000000000000000  .000000000000000  .026549636599829
 13  .026549636599829  .000000000000000  .000000000000000  .026549636599829
 14  .026549636599829  .000000000000000  .000000000000000  .026549636599829
 15  .026549636599829  .000000000000000  .000000000000000  .026549636599829
 16  .026549636599829  .000000000000000  .000000000000000  .026549636599829
 17  .026549636599829  .000000000000000  .000000000000000  .026549636599829
 18  .026549636599829  .000000000000000  .000000000000000  .026549636599829
 19  .026549636599829  .000000000000000  .000000000000000  .026549636599829
&
# h = 13 (l = 7)
@ type xy
 0 -.000000000388530  .000000000000000  .000000000000000 -.000000000388530
 1 -.000000000388530  .000000000000000  .000000000000000 -.000000000388530
 2 -.000000000388530  .000000000000000  .000000000000000 -.000000000388530
 3 -.000000000388530  .000000000000000  .000000000000000 -.000000000388530
 4 -.000000000388530  .000000000000000  .000000000000000 -.000000000388530
 5 -.000000000388530  .000000000000000  .000000000000000 -.000000000388530
 6 -.000000000388530  .000000000000000  .000000000000000 -.000000000388530
 7 -.000000000388530  .000000000000000  .000000000000000 -.000000000388530
 8 -.000000000388530  .000000000000000  .000000000000000 -.000000000388530
 9 -.000000000388530  .000000000000000  .000000000000000 -.000000000388530
 10 -.000000000388530  .000000000000000  .000000000000000 -.000000000388530
 11 -.000000000388530  .000000000000000  .000000000000000 -.000000000388530
 12 -.000000000388530  .000000000000000  .000000000000000 -.000000000388530
 13 -.000000000388530  .000000000000000  .000000000000000 -.000000000388530
 14 -.000000000388530  .000000000000000  .000000000000000 -.000000000388530
 15 -.000000000388530  .000000000000000  .000000000000000 -.000000000388530
 16 -.000000000388530  .000000000000000  .000000000000000 -.000000000388530
 17 -.000000000388530  .000000000000000  .000000000000000 -.000000000388530
 18 -.000000000388530  .000000000000000  .000000000000000 -.000000000388530
 19 -.000000000388530  .000000000000000  .000000000000000 -.000000000388530
&
# h = 14 (l = 7)
@ type xy
 0  .000000000464119  .000000000000000  .000000000000000  .000000000464119
 1  .000000000464119  .000000000000000  .000000000000000  .000000000464119
 2  .000000000464119  .000000000000000  .000000000000000  .000000000464119
 3  .000000000464119  .000000000000000  .000000000000000  .000000000464119
 4  .000000000464119  .000000000000000  .000000000000000  .000000000464119
 5  .000000000464119  .000000000000000  .000000000000000  .000000000464119
 6  .000000000464119  .000000000000000  .000000000000000  .000000000464119
 7  .000000000464119  .000000000000000  .000000000000000  .000000000464119
 8  .000000000464119  .000000000000000  .000000000000000  .000000000464119
 9  .000000000464119  .000000000000000  .000000000000000  .000000000464119
 10  .000000000464119  .000000000000000  .000000000000000  .000000000464119
 11  .000000000464119  .000000000000000  .000000000000000  .000000000464119
 12  .000000000464119  .000000000000000  .000000000000000  .000000000464119
 13  .000000000464119  .000000000000000  .000000000000000  .000000000464119
 14  .000000000464119  .000000000000000  .000000000000000  .000000000464119
 15  .000000000464119  .000000000000000  .000000000000000  .000000000464119
 16  .000000000464119  .000000000000000  .000000000000000  .000000000464119
 17  .000000000464119  .000000000000000  .000000000000000  .000000000464119
 18  .000000000464119  .000000000000000  .000000000000000  .000000000464119
 19  .000000000464119  .000000000000000  .000000000000000  .000000000464119
&
# h = 15 (l = 8)
@ type xy
 0  .000000000140883  .000000000000000  .000000000000000  .000000000140883
 1  .000000000140883  .000000000000000  .000000000000000  .000000000140883
 2  .000000000140883  .000000000000000  .000000000000000  .000000000140883
 3  .000000000140883  .000000000000000  .000000000000000  .000000000140883
 4  .000000000140883  .000000000000000  .000000000000000  .000000000140883
 5  .000000000140883  .000000000000000  .000000000000000  .000000000140883
 6  .000000000140883  .000000000000000  .000000000000000  .000000000140883
 7  .000000000140883  .000000000000000  .000000000000000  .000000000140883
 8  .000000000140883  .000000000000000  .000000000000000  .000000000140883
 9  .000000000140883  .000000000000000  .000000000000000  .000000000140883
 10  .000000000140883  .000000000000000  .000000000000000  .000000000140883
 11  .000000000140883  .000000000000000  .000000000000000  .000000000140883
 12  .000000000140883  .000000000000000  .000000000000000  .000000000140883
 13  .000000000140883  .000000000000000  .000000000000000  .000000000140883
 14  .000000000140883  .000000000000000  .000000000000000  .000000000140883
 15  .000000000140883  .000000000000000  .000000000000000  .000000000140883
 16  .000000000140883  .000000000000000  .000000000000000  .000000000140883
 17  .000000000140883  .000000000000000  .000000000000000  .000000000140883
 18  .000000000140883  .000000000000000  .000000000000000  .000000000140883
 19  .000000000140883  .000000000000000  .000000000000000  .000000000140883
&
# h = 16 (l = 8)
@ type xy
 0 -.003372399214370  .000000000000000  .000000000000000 -.003372399214370
 1 -.003372399214370  .000000000000000  .000000000000000 -.003372399214370
 2 -.003372399214370  .000000000000000  .000000000000000 -.003372399214370
 3 -.003372399214370  .000000000000000  .000000000000000 -.003372399214370
 4 -.003372399214370  .000000000000000  .000000000000000 -.003372399214370
 5 -.003372399214370  .000000000000000  .000000000000000 -.003372399214370
 6 -.003372399214370  .000000000000000  .000000000000000 -.003372399214370
 7 -.003372399214370  .000000000000000  .000000000000000 -.003372399214370
 8 -.003372399214370  .000000000000000  .000000000000000 -.003372399214370
 9 -.003372399214370  .000000000000000  .000000000000000 -.003372399214370
 10 -.003372399214370  .000000000000000  .000000000000000 -.003372399214370
 11 -.003372399214370  .000000000000000  .000000000000000 -.003372399214370
 12 -.003372399214370  .000000000000000  .000000000000000 -.003372399214370
 13 -.003372399214370  .000000000000000  .000000000000000 -.003372399214370
 14 -.003372399214370  .000000000000000  .000000000000000 -.003372399214370
 15 -.003372399214370  .000000000000000  .000000000000000 -.003372399214370
 16 -.003372399214370  .000000000000000  .000000000000000 -.003372399214370
 17 -.003372399214370  .000000000000000  .000000000000000 -.003372399214370
 18 -.003372399214370  .000000000000000  .000000000000000 -.003372399214370
 19 -.003372399214370  .000000000000000  .000000000000000 -.003372399214370
&
# h = 17 (l = 8)
@ type xy
 0  .012521463632379  .000000000000000  .000000000000000  .012521463632379
 1  .012521463632379  .000000000000000  .000000000000000  .012521463632379
 2  .012521463632379  .000000000000000  .000000000000000  .012521463632379
 3  .012521463632379  .000000000000000  .000000000000000  .012521463632379
 4  .012521463632379  .000000000000000  .000000000000000  .012521463632379
 5  .012521463632379  .000000000000000  .000000000000000  .012521463632379
 6  .012521463632379  .000000000000000  .000000000000000  .012521463632379
 7  .012521463632379  .000000000000000  .000000000000000  .012521463632379
 8  .012521463632379  .000000000000000  .000000000000000  .012521463632379
 9  .012521463632379  .000000000000000  .000000000000000  .012521463632379
 10  .012521463632379  .000000000000000  .000000000000000  .012521463632379
 11  .012521463632379  .000000000000000  .000000000000000  .012521463632379
 12  .012521463632379  .000000000000000  .000000000000000  .012521463632379
 13  .012521463632379  .000000000000000  .000000000000000  .012521463632379
 14  .012521463632379  .000000000000000  .000000000000000  .012521463632379
 15  .012521463632379  .000000000000000  .000000000000000  .012521463632379
 16  .012521463632379  .000000000000000  .000000000000000  .012521463632379
 17  .012521463632379  .000000000000000  .000000000000000  .012521463632379
 18  .012521463632379  .000000000000000  .000000000000000  .012521463632379
 19  .012521463632379  .000000000000000  .000000000000000  .012521463632379
&
