  Type    Harmonic   (l)             Total
     1
                 0     0  867.105239627934
                 1     1  .000000001385645
                 2     2 -.015798606055190
                 3     3  .032831843792166
                 4     3 -.000000001284457
                 5     4  .000000000872469
                 6     4 -.024163501878009
                 7     5  .078686955905791
                 8     5  .000000000665874
                 9     6 -.000000000036547
                10     6  .058598574569003
                11     6 -.047370396401137
                12     7  .026549636599829
                13     7 -.000000000388530
                14     7  .000000000464119
                15     8  .000000000140883
                16     8 -.003372399214370
                17     8  .012521463632379
