 energy and charge average matrices
  type  L       (e_i|H|e_j)                    (e_i|e_j)       
     0  0  .058832114  .006609734        .202873592  .025578498
           .006609734 -2.68505852        .025578498  1.00325296
     0  1  .013632649  .006385207        .040343379  .022179611
           .006385207 -3.19799109        .022179611  2.98161370
     0  2  .118882336  .014322683        .328914705  .039153430
           .014322683  .000304398        .039153430  .010023005
     0  3  .002551145 -.000493757        .007503673 -.001615944
          -.000493757 -.001370759       -.001615944  .002510234
     0  4  .000558814 -.000165774        .001716553 -.000736464
          -.000165774 -.000637061       -.000736464  .001124510
     0  5  .000092677 -.000003330        .000313403 -.000124603
          -.000003330 -.000250116       -.000124603  .000359921
     0  6  .000033973  .000003936        .000108507 -.000028148
           .000003936 -.000091079       -.000028148  .000101966
     0  7  .000009157  .000001307        .000032077 -.000013252
           .000001307 -.000028615       -.000013252  .000034669
     0  8  .000002475 -.000000314        .000009276 -.000005425
          -.000000314 -.000008050       -.000005425  .000011962
