 ( 4i3 )
  1  8  1  2 npan, lm, ntype, spins
 ( 2i3 )
  3  2    ntls, nsets
 ( 3e22.14 )
 -0.29254470456371E+01 -0.29253451626195E+01 -0.29252432796020E+01
 ( 3e22.14 )
  0.28871996509599E+00  0.33719675212651E+00  0.36226470847303E+00
  0.35639153662175E+00  0.43367453348261E+00  0.45376251720776E+00
  0.47849768108072E+00  0.53845373755979E+00  0.48498133894752E+00
  0.22361203811293E+00  0.32956964129505E+00  0.33870729648250E+00
  0.35169199428887E+00  0.38819300042290E+00  0.41532683451468E+00
  0.41536228342638E+00  0.46672180966343E+00  0.44417633390803E+00
 -0.25569431802499E+01 -0.10528883420159E+01  0.93331920328155E-01
 -0.95192575810932E+00 -0.14188297484055E+01 -0.11189751625207E+01
 -0.11683001459494E+01 -0.13039892869791E+01 -0.14365398689666E+01
 -0.27851516851414E+01 -0.12056995440762E+01  0.17884287531940E+00
 -0.41465545756694E+00 -0.86342406002311E+00 -0.94798180166802E+00
 -0.12682180598366E+01 -0.13543849017429E+01 -0.13788027700665E+01
