"Start runs mpprun -np 60 rspt 1.00e-12 99 on n118, Fri Oct 29 18:32:46 2021"
     1, -45090.9032659114
     2, -45090.9032600774
     3, -45090.9068237809
     4, -45090.9096207193
     5, -45090.9097560365
     6, -45090.9102935119
     7, -45090.9103639305
     8, -45090.9104431395
     9, -45090.9104883279
    10, -45090.9104909545
    11, -45090.9104938543
    12, -45090.9105112494
    13, -45090.9105117645
    14, -45090.9105139399
    15, -45090.9105138479
    16, -45090.9105138020
    17, -45090.9105139480
    18, -45090.9105145640
    19, -45090.9105145733
    20, -45090.9105146090
"Start runs mpprun -np 60 rspt 1.00e-12 99 on n118, Fri Oct 29 18:41:59 2021"
    21, -45090.9098692020
    22, -45090.9098692019
    23, -45090.9098819847
    24, -45090.9098769539
    25, -45090.9098653915
    26, -45090.9098642948
    27, -45090.9098602955
    28, -45090.9098610967
    29, -45090.9098642996
    30, -45090.9098641966
