"Start runs mpprun -np 60 rspt 1.00e-12 99 on n118,  Fri Oct 29 18:32:46 2021"
  5.05923840e-04 -45090.9032659114  4.50909033e+04
  2.32109700e-05 -45090.9032600774  5.83400106e-06
  9.64046740e-06 -45090.9068237809  3.56370350e-03
  7.94099070e-07 -45090.9096207193  2.79693840e-03
  6.46444280e-07 -45090.9097560365  1.35317197e-04
  1.60549490e-07 -45090.9102935119  5.37475404e-04
  1.09294880e-07 -45090.9103639305  7.04186023e-05
  2.70476960e-08 -45090.9104431395  7.92089995e-05
  4.51915820e-09 -45090.9104883279  4.51883971e-05
  3.38335210e-09 -45090.9104909545  2.62659887e-06
  2.57406390e-09 -45090.9104938543  2.89980380e-06
  2.75991740e-10 -45090.9105112494  1.73950975e-05
  2.19361110e-10 -45090.9105117645  5.15101419e-07
  4.88542730e-11 -45090.9105139399  2.17540219e-06
  3.07686180e-11 -45090.9105138479  9.20044840e-08
  1.21511040e-11 -45090.9105138020  4.58967406e-08
  8.59019100e-12 -45090.9105139480  1.45999365e-07
  1.39685710e-12 -45090.9105145640  6.15997124e-07
  1.08066560e-12 -45090.9105145733  9.29867383e-09
  3.12312680e-14 -45090.9105146090  3.57031240e-08
"Start runs mpprun -np 60 rspt 1.00e-12 99 on n118,  Fri Oct 29 18:41:59 2021"
  3.20479550e-07 -45090.9098692020  4.50909099e+04
  3.21235290e-07 -45090.9098692019  9.45874490e-11
  8.52151330e-10 -45090.9098819847  1.27827952e-05
  5.02266300e-10 -45090.9098769539  5.03080082e-06
  1.40538710e-10 -45090.9098653915  1.15623989e-05
  1.02042690e-10 -45090.9098642948  1.09669782e-06
  1.22770550e-11 -45090.9098602955  3.99930286e-06
  8.46879530e-12 -45090.9098610967  8.01199349e-07
  1.03295870e-12 -45090.9098642996  3.20290565e-06
  8.51413740e-13 -45090.9098641966  1.03005732e-07
