# ACE/gr parameter file
#
@    version 50122
@    world xmin 0.25
@    world xmax 0.75
@    title font 5
@    xaxis  tick major 0.1
@    xaxis  tick minor 0.02
@    xaxis  label "(r-r\s1\N)/d"
@    xaxis  label font 5
@    xaxis  label char size 1.2
@    xaxis  ticklabel font 4
@    xaxis  ticklabel char size 1
@    yaxis  tick major .1
@    yaxis  tick minor .02
@    yaxis  label font 4
@    yaxis  label char size 1.2
@    yaxis  ticklabel font 5
@    yaxis  ticklabel char size 1
@    title "potential between neighbors"
@    yaxis  label "V(r) (Ry)"
@    world ymin -10.
@    world ymax   .0
@    yaxis  tick major 2
@    yaxis  tick minor 1
@ s0 color  1
@ s0 linestyle  1
@ legend string 0 "(1)-(1)"
@target s0
@type xy
  .1000000000 -29.14350381
  .1050000000 -26.05861329
  .1100000000 -23.39505329
  .1150000000 -21.07995383
  .1200000000 -19.05484283
  .1250000000 -17.29053777
  .1300000000 -15.72813282
  .1350000000 -14.34970937
  .1400000000 -13.12262406
  .1450000000 -12.03342469
  .1500000000 -11.05377785
  .1550000000 -10.17958149
  .1600000000 -9.392228005
  .1650000000 -8.679089724
  .1700000000 -8.031968283
  .1750000000 -7.445871282
  .1800000000 -6.913205891
  .1850000000 -6.426267772
  .1900000000 -5.980321207
  .1950000000 -5.571181287
  .2000000000 -5.195141905
  .2050000000 -4.848913465
  .2100000000 -4.529569575
  .2150000000 -4.234501782
  .2200000000 -3.961381231
  .2250000000 -3.708126107
  .2300000000 -3.472873797
  .2350000000 -3.255835825
  .2400000000 -3.053858497
  .2450000000 -2.865386158
  .2500000000 -2.689192007
  .2550000000 -2.524179195
  .2600000000 -2.370360195
  .2650000000 -2.227482524
  .2700000000 -2.093015518
  .2750000000 -1.966250160
  .2800000000 -1.847757513
  .2850000000 -1.737288874
  .2900000000 -1.632645837
  .2950000000 -1.533667523
  .3000000000 -1.442188315
  .3050000000 -1.355131439
  .3100000000 -1.272572161
  .3150000000 -1.196258189
  .3200000000 -1.123311527
  .3250000000 -1.054706367
  .3300000000 -.9906224729
  .3350000000 -.9290988644
  .3400000000 -.8724819600
  .3450000000 -.8183410226
  .3500000000 -.7674730710
  .3550000000 -.7199149591
  .3600000000 -.6743481361
  .3650000000 -.6326677646
  .3700000000 -.5921878839
  .3750000000 -.5555707298
  .3800000000 -.5200441771
  .3850000000 -.4876997177
  .3900000000 -.4566015154
  .3950000000 -.4282207517
  .4000000000 -.4010791002
  .4050000000 -.3763803292
  .4100000000 -.3527716729
  .4150000000 -.3314994921
  .4200000000 -.3110446997
  .4250000000 -.2929703585
  .4300000000 -.2753309026
  .4350000000 -.2602536622
  .4400000000 -.2453487368
  .4450000000 -.2328760097
  .4500000000 -.2207620705
  .4550000000 -.2104258921
  .4600000000 -.2009678076
  .4650000000 -.1925478565
  .4700000000 -.1856450932
  .4750000000 -.1789345068
  .4800000000 -.1745240882
  .4850000000 -.1701593743
  .4900000000 -.1673759557
  .4950000000 -.1654555897
  .5000000000 -.1684317822
  .5050000000 -.1654555897
  .5100000000 -.1673759557
  .5150000000 -.1701593743
  .5200000000 -.1745240882
  .5250000000 -.1789345068
  .5300000000 -.1856450932
  .5350000000 -.1925478565
  .5400000000 -.2009678076
  .5450000000 -.2104258921
  .5500000000 -.2207620705
  .5550000000 -.2328760097
  .5600000000 -.2453487368
  .5650000000 -.2602536622
  .5700000000 -.2753309026
  .5750000000 -.2929703585
  .5800000000 -.3110446997
  .5850000000 -.3314994921
  .5900000000 -.3527716729
  .5950000000 -.3763803292
  .6000000000 -.4010791002
  .6050000000 -.4282207517
  .6100000000 -.4566015154
  .6150000000 -.4876997177
  .6200000000 -.5200441771
  .6250000000 -.5555707298
  .6300000000 -.5921878839
  .6350000000 -.6326677646
  .6400000000 -.6743481361
  .6450000000 -.7199149591
  .6500000000 -.7674730710
  .6550000000 -.8183410226
  .6600000000 -.8724819600
  .6650000000 -.9290988644
  .6700000000 -.9906224729
  .6750000000 -1.054706367
  .6800000000 -1.123311527
  .6850000000 -1.196258189
  .6900000000 -1.272572161
  .6950000000 -1.355131439
  .7000000000 -1.442188315
  .7050000000 -1.533667523
  .7100000000 -1.632645837
  .7150000000 -1.737288874
  .7200000000 -1.847757513
  .7250000000 -1.966250160
  .7300000000 -2.093015518
  .7350000000 -2.227482524
  .7400000000 -2.370360195
  .7450000000 -2.524179195
  .7500000000 -2.689192007
  .7550000000 -2.865386158
  .7600000000 -3.053858497
  .7650000000 -3.255835825
  .7700000000 -3.472873797
  .7750000000 -3.708126107
  .7800000000 -3.961381231
  .7850000000 -4.234501782
  .7900000000 -4.529569575
  .7950000000 -4.848913465
  .8000000000 -5.195141905
  .8050000000 -5.571181287
  .8100000000 -5.980321207
  .8150000000 -6.426267772
  .8200000000 -6.913205891
  .8250000000 -7.445871282
  .8300000000 -8.031968283
  .8350000000 -8.679089724
  .8400000000 -9.392228005
  .8450000000 -10.17958149
  .8500000000 -11.05377785
  .8550000000 -12.03342469
  .8600000000 -13.12262406
  .8650000000 -14.34970937
  .8700000000 -15.72813282
  .8750000000 -17.29053777
  .8800000000 -19.05484283
  .8850000000 -21.07995383
  .8900000000 -23.39505329
  .8950000000 -26.05861329
&
@ s1 color  1
@ s1 linestyle  1
@target s1
@type xy
  .4990885186 -10.000
  .4990885186  10.000
  .5009114813  10.000
  .5009114813 -10.000
&
