# ACE/gr parameter file
#
@    version 50122
@    world xmin 0.25
@    world xmax 0.75
@    title font 5
@    xaxis  tick major 0.1
@    xaxis  tick minor 0.02
@    xaxis  label "(r-r\s1\N)/d"
@    xaxis  label font 5
@    xaxis  label char size 1.2
@    xaxis  ticklabel font 4
@    xaxis  ticklabel char size 1
@    yaxis  tick major .1
@    yaxis  tick minor .02
@    yaxis  label font 4
@    yaxis  label char size 1.2
@    yaxis  ticklabel font 5
@    yaxis  ticklabel char size 1
@    title "potential between neighbors"
@    yaxis  label "V(r) (Ry)"
@    world ymin -10.
@    world ymax   .0
@    yaxis  tick major 2
@    yaxis  tick minor 1
@ s0 color  1
@ s0 linestyle  1
@ legend string 0 "(1)-(1)"
@target s0
@type xy
  .1000000000 -189.8104885
  .1050000000 -180.7826954
  .1100000000 -172.5756575
  .1150000000 -165.0782321
  .1200000000 -158.1975195
  .1250000000 -151.8856123
  .1300000000 -146.0437892
  .1350000000 -140.6391253
  .1400000000 -135.6129682
  .1450000000 -130.9398562
  .1500000000 -126.5656913
  .1550000000 -122.4825342
  .1600000000 -118.6529907
  .1650000000 -115.0503791
  .1700000000 -111.6566512
  .1750000000 -108.4608793
  .1800000000 -105.4455727
  .1850000000 -102.5919162
  .1900000000 -99.88777889
  .1950000000 -97.32207056
  .2000000000 -94.88464000
  .2050000000 -92.56618564
  .2100000000 -90.35817618
  .2150000000 -88.25277966
  .2200000000 -86.24279995
  .2250000000 -84.32161965
  .2300000000 -82.48314868
  .2350000000 -80.72825053
  .2400000000 -79.04643943
  .2450000000 -77.43224311
  .2500000000 -75.88117915
  .2550000000 -74.38910920
  .2600000000 -72.95605786
  .2650000000 -71.58132575
  .2700000000 -70.25505797
  .2750000000 -68.97418179
  .2800000000 -67.74093660
  .2850000000 -66.55448525
  .2900000000 -65.40541312
  .2950000000 -64.29273541
  .3000000000 -63.22458830
  .3050000000 -62.18723234
  .3100000000 -61.18068473
  .3150000000 -60.21294643
  .3200000000 -59.27056813
  .3250000000 -58.35784893
  .3300000000 -57.47557176
  .3350000000 -56.61417005
  .3400000000 -55.78472517
  .3450000000 -54.97538241
  .3500000000 -54.18977089
  .3550000000 -53.42792869
  .3600000000 -52.68321072
  .3650000000 -51.96473760
  .3700000000 -51.25914899
  .3750000000 -50.57937146
  .3800000000 -49.91158929
  .3850000000 -49.26596104
  .3900000000 -48.63277082
  .3950000000 -48.01914864
  .4000000000 -47.41762702
  .4050000000 -46.83403790
  .4100000000 -46.26152451
  .4150000000 -45.70614939
  .4200000000 -45.16022152
  .4250000000 -44.63138085
  .4300000000 -44.10983069
  .4350000000 -43.60597163
  .4400000000 -43.10787109
  .4450000000 -42.62647080
  .4500000000 -42.15152257
  .4550000000 -41.68970837
  .4600000000 -41.23661178
  .4650000000 -40.79276965
  .4700000000 -40.36031715
  .4750000000 -39.93297200
  .4800000000 -39.52004183
  .4850000000 -39.11139081
  .4900000000 -38.71339366
  .4950000000 -38.32294824
  .5000000000 -.0246838721
  .5050000000 -38.32294824
  .5100000000 -38.71339366
  .5150000000 -39.11139081
  .5200000000 -39.52004183
  .5250000000 -39.93297200
  .5300000000 -40.36031715
  .5350000000 -40.79276965
  .5400000000 -41.23661178
  .5450000000 -41.68970837
  .5500000000 -42.15152257
  .5550000000 -42.62647080
  .5600000000 -43.10787109
  .5650000000 -43.60597163
  .5700000000 -44.10983069
  .5750000000 -44.63138085
  .5800000000 -45.16022152
  .5850000000 -45.70614939
  .5900000000 -46.26152451
  .5950000000 -46.83403790
  .6000000000 -47.41762702
  .6050000000 -48.01914864
  .6100000000 -48.63277082
  .6150000000 -49.26596104
  .6200000000 -49.91158929
  .6250000000 -50.57937146
  .6300000000 -51.25914899
  .6350000000 -51.96473760
  .6400000000 -52.68321072
  .6450000000 -53.42792869
  .6500000000 -54.18977089
  .6550000000 -54.97538241
  .6600000000 -55.78472517
  .6650000000 -56.61417005
  .6700000000 -57.47557176
  .6750000000 -58.35784893
  .6800000000 -59.27056813
  .6850000000 -60.21294643
  .6900000000 -61.18068473
  .6950000000 -62.18723234
  .7000000000 -63.22458830
  .7050000000 -64.29273541
  .7100000000 -65.40541312
  .7150000000 -66.55448525
  .7200000000 -67.74093660
  .7250000000 -68.97418179
  .7300000000 -70.25505797
  .7350000000 -71.58132575
  .7400000000 -72.95605786
  .7450000000 -74.38910920
  .7500000000 -75.88117915
  .7550000000 -77.43224311
  .7600000000 -79.04643943
  .7650000000 -80.72825053
  .7700000000 -82.48314868
  .7750000000 -84.32161965
  .7800000000 -86.24279995
  .7850000000 -88.25277966
  .7900000000 -90.35817618
  .7950000000 -92.56618564
  .8000000000 -94.88464000
  .8050000000 -97.32207056
  .8100000000 -99.88777889
  .8150000000 -102.5919162
  .8200000000 -105.4455727
  .8250000000 -108.4608793
  .8300000000 -111.6566512
  .8350000000 -115.0503791
  .8400000000 -118.6529907
  .8450000000 -122.4825342
  .8500000000 -126.5656913
  .8550000000 -130.9398562
  .8600000000 -135.6129682
  .8650000000 -140.6391253
  .8700000000 -146.0437892
  .8750000000 -151.8856123
  .8800000000 -158.1975195
  .8850000000 -165.0782321
  .8900000000 -172.5756575
  .8950000000 -180.7826954
&
@ s1 color  1
@ s1 linestyle  1
@target s1
@type xy
  .4990885186 -10.000
  .4990885186  10.000
  .5009114813  10.000
  .5009114813 -10.000
&
