  Type    Harmonic   (l)             Total
     1
                 0     0  248.958876359526
                 1     3  .043754176836319
                 2     4  .140343632429645
                 3     6 -.077330318833479
                 4     7 -.001161335832817
                 5     8 -.010191415636474
     2
                 0     0  235.714711965480
                 1     4  .063463141066480
                 2     6 -.068321025505425
                 3     8 -.009716511618723
     3
                 0     0  90.7309690618903
                 1     4  .053295575504742
                 2     6 -.037172535300497
                 3     8 -.004587056508918
