#-------------------------------------------------------------------------------
 start rspt
 fft column major dimensions:
       normal fft: 32 32 32, size = 32768
        super fft: 64 64 64, size = 262144
 mbases (matrix dimension mod spin) = 112
 mbasis set
 matrix dimension is 224
 initfft: start
 initfft: fft_ncmdim: 32 32 32 ... fft_scmdim: 64 64 64
 initfft: nrmdim: 32 32 32 ... srmdim: 64 64 64
 fftw_fft_init: MKL FFT's used, no wisdom file.
 initfft: 
 (Tail,Energy) parameter set
     p     t     e
     1     1     1
     2     2     1
     3     3     1
     4     1     2
     5     2     2
 spin axis =  .000000000  .000000000  .000000000 absolute
 spin axis euler angles: alpha =  .000000000 beta =  .000000000 gamma =  .000000000
 eset 0
  L  T  S  n  f                 E
  0  1 -1  4 20  2.53600722973360
  1  1 -1  4 21  3.32975074687399
  2  1 -1  3  0  .649160228631400
  3  1 -1  4  0  .618452410547940
  4  1 -1  5  0  .651590031462800
  5  1 -1  6  0  .702124374662590
  6  1 -1  7  0  .678094652570270
  7  1 -1  8  0  .681967815565300
  8  1 -1  9  0  .639574927349260
  0  2 -1  4 20  2.70501128431675
  1  2 -1  4 21  3.46769524987450
  2  2 -1  3  0  .617473717932220
  3  2 -1  4  0  .668378912643100
  4  2 -1  5  0  .681478596540390
  5  2 -1  6  0  .697770035838590
  6  2 -1  7  0  .688135210629410
  7  2 -1  8  0  .711019659395690
  8  2 -1  9  0  .672131337537670
  0  3 -1  3  0  .297516365666990
  1  3 -1  3  0  .530761250249760
  2  3 -1  3  0  .629378629872400
  3  3 -1  4  0  .654562763588610
  4  3 -1  5  0  .676004226601750
  5  3 -1  6  0  .697248053471770
  6  3 -1  7  0  .700486110822370
  7  3 -1  8  0  .690285336690150
  8  3 -1  9  0  .687625033053730
  0  1  1  4 20  2.49969518865634
  1  1  1  4 21  3.30091952590262
  2  1  1  3  0  .615900839246560
  3  1  1  4  0  .580288064296650
  4  1  1  5  0  .594182331093010
  5  1  1  6  0  .625312741109600
  6  1  1  7  0  .609125405946170
  7  1  1  8  0  .609882295085850
  8  1  1  9  0  .591277449895910
  0  2  1  4 20  2.60256986153514
  1  2  1  4 21  3.38065726259524
  2  2  1  3  0  .570420546258620
  3  2  1  4  0  .614167028256470
  4  2  1  5  0  .640339016179490
  5  2  1  6  0  .664882923555770
  6  2  1  7  0  .671441805225860
  7  2  1  8  0  .651608735272520
  8  2  1  9  0  .638610772297690
  0  3  1  3  0  .310680636750870
  1  3  1  3  0  .515493323441750
  2  3  1  3  0  .575793787978860
  3  3  1  4  0  .609855071597250
  4  3  1  5  0  .630835978674120
  5  3  1  6  0  .648684779407810
  6  3  1  7  0  .656229892155360
  7  3  1  8  0  .656014330886970
  8  3  1  9  0  .642510305162520
 eset 1
  L  T  S  n  f                 E
  0  1 -1  3 -1 -6.08305518215978
  1  1 -1  3 -1 -3.41831016929488
  2  1 -1  3  0  .333130799057080
  3  1 -1  4  0  .318870337503340
  4  1 -1  5  0 -.376428891091660
  5  1 -1  6  0 -1.39845341943720
  6  1 -1  7  0 -2.05035008853830
  7  1 -1  8  0 -2.14368306381230
  8  1 -1  9  0 -2.02163980734850
  0  2 -1  3 -1 -5.47579128517689
  1  2 -1  3 -1 -3.01535069321872
  2  2 -1  3  0  .354334056813140
  3  2 -1  4  0  .195592736212260
  4  2 -1  5  0 -1.00670554344820
  5  2 -1  6  0 -1.93191210468790
  6  2 -1  7  0 -2.33330071203020
  7  2 -1  8  0 -2.30916217866070
  8  2 -1  9  0 -1.97534680657490
  0  3 -1  3  0  .280224716511300
  1  3 -1  3  0  .506105833477070
  2  3 -1  3  0  .570752543086900
  3  3 -1  4  0  .422823805196410
  4  3 -1  5  0 -.088329574739446
  5  3 -1  6  0 -1.07770273656440
  6  3 -1  7  0 -1.93055579259910
  7  3 -1  8  0 -2.27037489376980
  8  3 -1  9  0 -2.39073789413880
  0  1  1  3 -1 -6.18515188131201
  1  1  1  3 -1 -3.51699121788722
  2  1  1  3  0  .247964577885880
  3  1  1  4  0  .250749537899760
  4  1  1  5  0 -.400037976258380
  5  1  1  6  0 -1.35689204341420
  6  1  1  7  0 -2.05261578578960
  7  1  1  8  0 -2.06049867517530
  8  1  1  9  0 -1.91370327788550
  0  2  1  3 -1 -5.70106519337267
  1  2  1  3 -1 -3.23357344107767
  2  2  1  3  0  .220098109273410
  3  2  1  4  0  .127613849879970
  4  2  1  5  0 -.873058050957520
  5  2  1  6  0 -1.83601620993310
  6  2  1  7  0 -2.10187032407920
  7  2  1  8  0 -2.36844572897190
  8  2  1  9  0 -1.90564471111130
  0  3  1  3  0  .277902166744270
  1  3  1  3  0  .483390109013850
  2  3  1  3  0  .507616470086120
  3  3  1  4  0  .364576764307560
  4  3  1  5  0 -.127949277302560
  5  3  1  6  0 -1.06610473710310
  6  3  1  7  0 -1.95584112011060
  7  3  1  8  0 -2.27194003385690
  8  3  1  9  0 -2.51860279809240
basisFT:    M0    M1    M2     vectors (column major order)
basisFT:     8     8     8        4913
basisFT: radii           1
basisFT:     1  2.02000000
basisFT: L+N+1           6
basisFT:  maxL
basisFT:     2
initBasisFT: basis Fourier Transform parameters
      radii and powers:
        2.02000000     6
          Lm    M0    M1    M2
           2     8     8     8

 Timing of c parts of RSPt:
        E MT matrix elements :       0.000 m
        P MT matrix elements :       0.000 m
   SF sum MT matrix elements :       0.112 m
  MT overlap matrix elements :       0.004 m
      Tot MT matrix elements :       0.116 m
    FFTs Int matrix elements :       0.021 m
  Phases Int matrix elements :       0.000 m
 ScaProd Int matrix elements :       0.015 m
ScaProd1 Int matrix elements :       0.044 m
     MPI Int matrix elements :       0.000 m
    Junk Int matrix elements :       0.001 m
     Tot Int matrix elements :       0.090 m
                 Int density :       0.000 m

 end rspt
#-------------------------------------------------------------------------------
