# ACE/gr parameter file
#
@    version 50122
@    world xmin 0.25
@    world xmax 0.75
@    title font 5
@    xaxis  tick major 0.1
@    xaxis  tick minor 0.02
@    xaxis  label "(r-r\s1\N)/d"
@    xaxis  label font 5
@    xaxis  label char size 1.2
@    xaxis  ticklabel font 4
@    xaxis  ticklabel char size 1
@    yaxis  tick major .1
@    yaxis  tick minor .02
@    yaxis  label font 4
@    yaxis  label char size 1.2
@    yaxis  ticklabel font 5
@    yaxis  ticklabel char size 1
@    title "potential between neighbors"
@    yaxis  label "V(r) (Ry)"
@    world ymin -10.
@    world ymax   .0
@    yaxis  tick major 2
@    yaxis  tick minor 1
@ s0 color  1
@ s0 linestyle  1
@ legend string 0 "(1)-(2)"
@target s0
@type xy
  .1000000000 -115.2277466
  .1050000000 -109.7432281
  .1100000000 -104.7564962
  .1150000000 -100.2005364
  .1200000000 -96.02364544
  .1250000000 -92.18818468
  .1300000000 -88.63890941
  .1350000000 -85.35980259
  .1400000000 -82.30735988
  .1450000000 -79.47368101
  .1500000000 -76.82188791
  .1550000000 -74.34369650
  .1600000000 -72.02305300
  .1650000000 -69.84014413
  .1700000000 -67.78390420
  .1750000000 -65.84461635
  .1800000000 -64.01763919
  .1850000000 -62.28846318
  .1900000000 -60.64970852
  .1950000000 -59.09464064
  .2000000000 -57.61710508
  .2050000000 -56.21146997
  .2100000000 -54.87257527
  .2150000000 -53.59568782
  .2200000000 -52.37646131
  .2250000000 -51.21090068
  .2300000000 -50.09722676
  .2350000000 -49.03247060
  .2400000000 -48.01152859
  .2450000000 -47.03146977
  .2500000000 -46.08958991
  .2550000000 -45.18339229
  .2600000000 -44.31488519
  .2650000000 -43.47959567
  .2700000000 -42.67363705
  .2750000000 -41.89515509
  .2800000000 -41.14734873
  .2850000000 -40.42595705
  .2900000000 -39.72720955
  .2950000000 -39.05227417
  .3000000000 -38.40247963
  .3050000000 -37.77135631
  .3100000000 -37.16059082
  .3150000000 -36.57160934
  .3200000000 -35.99802323
  .3250000000 -35.44402354
  .3300000000 -34.90685124
  .3350000000 -34.38276847
  .3400000000 -33.87879229
  .3450000000 -33.38588328
  .3500000000 -32.90888136
  .3550000000 -32.44480878
  .3600000000 -31.99261245
  .3650000000 -31.55489400
  .3700000000 -31.12588822
  .3750000000 -30.71227105
  .3800000000 -30.30541363
  .3850000000 -29.91341285
  .3900000000 -29.52762393
  .3950000000 -29.15509780
  .4000000000 -28.78861533
  .4050000000 -28.43437890
  .4100000000 -28.08559660
  .4150000000 -27.74855664
  .4200000000 -27.41600894
  .4250000000 -27.09515521
  .4300000000 -26.77805424
  .4350000000 -26.47190138
  .4400000000 -26.16979164
  .4450000000 -25.87670584
  .4500000000 -25.58874228
  .4550000000 -25.30764645
  .4600000000 -25.03304458
  .4650000000 -24.76295318
  .4700000000 -24.50098394
  .4750000000 -24.24178692
  .4800000000  .0044243475
  .4850000000  .0040011897
  .4900000000  .0035271066
  .4950000000  .0030018715
  .5000000000  .0024252414
  .5050000000  .0017969531
  .5100000000  .0011167225
  .5150000000  .0003842460
  .5200000000 -.0004007926
  .5250000000 -.0012387121
  .5300000000 -23.60048374
  .5350000000 -23.85510468
  .5400000000 -24.11484261
  .5450000000 -24.38169432
  .5500000000 -24.65202873
  .5550000000 -24.93181645
  .5600000000 -25.21476568
  .5650000000 -25.50717938
  .5700000000 -25.80405335
  .5750000000 -26.10963612
  .5800000000 -26.42126965
  .5850000000 -26.74119831
  .5900000000 -27.06849090
  .5950000000 -27.40405197
  .6000000000 -27.74797454
  .6050000000 -28.10057559
  .6100000000 -28.46217818
  .6150000000 -28.83336082
  .6200000000 -29.21378147
  .6250000000 -29.60523631
  .6300000000 -30.00571133
  .6350000000 -30.41929521
  .6400000000 -30.84117075
  .6450000000 -31.27892655
  .6500000000 -31.72538010
  .6550000000 -32.18785102
  .6600000000 -32.66203950
  .6650000000 -33.15016159
  .6700000000 -33.65472415
  .6750000000 -34.17145230
  .6800000000 -34.70822768
  .6850000000 -35.25999796
  .6900000000 -35.82784942
  .6950000000 -36.41811060
  .7000000000 -37.02523356
  .7050000000 -37.65204408
  .7100000000 -38.30383488
  .7150000000 -38.97606587
  .7200000000 -39.67007010
  .7250000000 -40.39403273
  .7300000000 -41.14309622
  .7350000000 -41.91860864
  .7400000000 -42.72297739
  .7450000000 -43.56301971
  .7500000000 -44.43522097
  .7550000000 -45.34181167
  .7600000000 -46.28520673
  .7650000000 -47.26802221
  .7700000000 -48.29668990
  .7750000000 -49.37092930
  .7800000000 -50.49340509
  .7850000000 -51.66767351
  .7900000000 -52.89759995
  .7950000000 -54.18738966
  .8000000000 -55.54162221
  .8050000000 -56.96529013
  .8100000000 -58.46384242
  .8150000000 -60.04323363
  .8200000000 -61.70997938
  .8250000000 -63.47121941
  .8300000000 -65.33478932
  .8350000000 -67.31626539
  .8400000000 -69.42129309
  .8450000000 -71.65943951
  .8500000000 -74.04253907
  .8550000000 -76.59958212
  .8600000000 -79.33340792
  .8650000000 -82.26949933
  .8700000000 -85.43359642
  .8750000000 -88.84886095
  .8800000000 -92.54536203
  .8850000000 -96.57065741
  .8900000000 -100.9561784
  .8950000000 -105.7564418
&
@ s1 color  1
@ s1 linestyle  1
@target s1
@type xy
  .4756097464 -10.000
  .4756097464  10.000
  .5265230327  10.000
  .5265230327 -10.000
&
@ s2 color  2
@ s2 linestyle  1
@ legend string 2 "(2)-(1)"
@target s2
@type xy
  .1000000000 -111.0358122
  .1050000000 -105.7564418
  .1100000000 -100.9561784
  .1150000000 -96.57065741
  .1200000000 -92.54536203
  .1250000000 -88.84886095
  .1300000000 -85.43359642
  .1350000000 -82.26949933
  .1400000000 -79.33340792
  .1450000000 -76.59958212
  .1500000000 -74.04253907
  .1550000000 -71.65943951
  .1600000000 -69.42129309
  .1650000000 -67.31626539
  .1700000000 -65.33478932
  .1750000000 -63.47121941
  .1800000000 -61.70997938
  .1850000000 -60.04323363
  .1900000000 -58.46384242
  .1950000000 -56.96529013
  .2000000000 -55.54162221
  .2050000000 -54.18738966
  .2100000000 -52.89759995
  .2150000000 -51.66767351
  .2200000000 -50.49340509
  .2250000000 -49.37092930
  .2300000000 -48.29668990
  .2350000000 -47.26802221
  .2400000000 -46.28520673
  .2450000000 -45.34181167
  .2500000000 -44.43522097
  .2550000000 -43.56301971
  .2600000000 -42.72297739
  .2650000000 -41.91860864
  .2700000000 -41.14309622
  .2750000000 -40.39403273
  .2800000000 -39.67007010
  .2850000000 -38.97606587
  .2900000000 -38.30383488
  .2950000000 -37.65204408
  .3000000000 -37.02523356
  .3050000000 -36.41811060
  .3100000000 -35.82784942
  .3150000000 -35.25999796
  .3200000000 -34.70822768
  .3250000000 -34.17145230
  .3300000000 -33.65472415
  .3350000000 -33.15016159
  .3400000000 -32.66203950
  .3450000000 -32.18785102
  .3500000000 -31.72538010
  .3550000000 -31.27892655
  .3600000000 -30.84117075
  .3650000000 -30.41929521
  .3700000000 -30.00571133
  .3750000000 -29.60523631
  .3800000000 -29.21378147
  .3850000000 -28.83336082
  .3900000000 -28.46217818
  .3950000000 -28.10057559
  .4000000000 -27.74797454
  .4050000000 -27.40405197
  .4100000000 -27.06849090
  .4150000000 -26.74119831
  .4200000000 -26.42126965
  .4250000000 -26.10963612
  .4300000000 -25.80405335
  .4350000000 -25.50717938
  .4400000000 -25.21476568
  .4450000000 -24.93181645
  .4500000000 -24.65202873
  .4550000000 -24.38169432
  .4600000000 -24.11484261
  .4650000000 -23.85510468
  .4700000000 -23.60048374
  .4750000000 -.0012387121
  .4800000000 -.0004007926
  .4850000000  .0003842460
  .4900000000  .0011167225
  .4950000000  .0017969531
  .5000000000  .0024252414
  .5050000000  .0030018715
  .5100000000  .0035271066
  .5150000000  .0040011897
  .5200000000  .0044243475
  .5250000000 -24.24178692
  .5300000000 -24.50098394
  .5350000000 -24.76295318
  .5400000000 -25.03304458
  .5450000000 -25.30764645
  .5500000000 -25.58874228
  .5550000000 -25.87670584
  .5600000000 -26.16979164
  .5650000000 -26.47190138
  .5700000000 -26.77805424
  .5750000000 -27.09515521
  .5800000000 -27.41600894
  .5850000000 -27.74855664
  .5900000000 -28.08559660
  .5950000000 -28.43437890
  .6000000000 -28.78861533
  .6050000000 -29.15509780
  .6100000000 -29.52762393
  .6150000000 -29.91341285
  .6200000000 -30.30541363
  .6250000000 -30.71227105
  .6300000000 -31.12588822
  .6350000000 -31.55489400
  .6400000000 -31.99261245
  .6450000000 -32.44480878
  .6500000000 -32.90888136
  .6550000000 -33.38588328
  .6600000000 -33.87879229
  .6650000000 -34.38276847
  .6700000000 -34.90685124
  .6750000000 -35.44402354
  .6800000000 -35.99802323
  .6850000000 -36.57160934
  .6900000000 -37.16059082
  .6950000000 -37.77135631
  .7000000000 -38.40247963
  .7050000000 -39.05227417
  .7100000000 -39.72720955
  .7150000000 -40.42595705
  .7200000000 -41.14734873
  .7250000000 -41.89515509
  .7300000000 -42.67363705
  .7350000000 -43.47959567
  .7400000000 -44.31488519
  .7450000000 -45.18339229
  .7500000000 -46.08958991
  .7550000000 -47.03146977
  .7600000000 -48.01152859
  .7650000000 -49.03247060
  .7700000000 -50.09722676
  .7750000000 -51.21090068
  .7800000000 -52.37646131
  .7850000000 -53.59568782
  .7900000000 -54.87257527
  .7950000000 -56.21146997
  .8000000000 -57.61710508
  .8050000000 -59.09464064
  .8100000000 -60.64970852
  .8150000000 -62.28846318
  .8200000000 -64.01763919
  .8250000000 -65.84461635
  .8300000000 -67.78390420
  .8350000000 -69.84014413
  .8400000000 -72.02305300
  .8450000000 -74.34369650
  .8500000000 -76.82188791
  .8550000000 -79.47368101
  .8600000000 -82.30735988
  .8650000000 -85.35980259
  .8700000000 -88.63890941
  .8750000000 -92.18818468
  .8800000000 -96.02364544
  .8850000000 -100.2005364
  .8900000000 -104.7564962
  .8950000000 -109.7432281
&
@ s3 color  2
@ s3 linestyle  1
@target s3
@type xy
  .4734769672 -10.000
  .4734769672  10.000
  .5243902535  10.000
  .5243902535 -10.000
&
@ s4 color  3
@ s4 linestyle  1
@ legend string 4 "(3)-(1)"
@target s4
@type xy
  .1000000000 -55.45589626
  .1050000000 -52.81525385
  .1100000000 -50.41441320
  .1150000000 -48.22104255
  .1200000000 -46.21146725
  .1250000000 -44.36495071
  .1300000000 -42.65621035
  .1350000000 -41.07863784
  .1400000000 -39.60900956
  .1450000000 -38.24572019
  .1500000000 -36.96991508
  .1550000000 -35.77662537
  .1600000000 -34.66011877
  .1650000000 -33.60985827
  .1700000000 -32.62052180
  .1750000000 -31.68728707
  .1800000000 -30.80752279
  .1850000000 -29.97551664
  .1900000000 -29.18700131
  .1950000000 -28.43873793
  .2000000000 -27.72776659
  .2050000000 -27.05137872
  .2100000000 -26.40709263
  .2150000000 -25.79263195
  .2200000000 -25.20590639
  .2250000000 -24.64499464
  .2300000000 -24.10969872
  .2350000000 -23.59725849
  .2400000000 -23.10589504
  .2450000000 -22.63419929
  .2500000000 -22.18087129
  .2550000000 -21.74471091
  .2600000000 -21.32726520
  .2650000000 -20.92520915
  .2700000000 -20.53726996
  .2750000000 -20.16255645
  .2800000000 -19.80314905
  .2850000000 -19.45590813
  .2900000000 -19.11957240
  .2950000000 -18.79521911
  .3000000000 -18.48245157
  .3050000000 -18.17867994
  .3100000000 -17.88520703
  .3150000000 -17.60173192
  .3200000000 -17.32567604
  .3250000000 -17.05952649
  .3300000000 -16.80101002
  .3350000000 -16.54925631
  .3400000000 -16.30672757
  .3450000000 -16.06953153
  .3500000000 -15.84043284
  .3550000000 -15.61711937
  .3600000000 -15.39994928
  .3650000000 -15.18931841
  .3700000000 -14.98329641
  .3750000000 -14.78425892
  .3800000000 -14.58866968
  .3850000000 -14.40023594
  .3900000000 -14.21458462
  .3950000000 -14.03569275
  .4000000000 -13.85932009
  .4050000000 -13.68920622
  .4100000000 -13.52133749
  .4150000000 -13.35947379
  .4200000000 -13.19954862
  .4250000000 -13.04530190
  .4300000000 -12.89300336
  .4350000000  .0030038827
  .4400000000  .0028374357
  .4450000000  .0026611998
  .4500000000  .0024750865
  .4550000000  .0022790036
  .4600000000  .0020728597
  .4650000000  .0018565672
  .4700000000  .0016300434
  .4750000000  .0013932111
  .4800000000  .0011459976
  .4850000000  .0008883318
  .4900000000  .0006201425
  .4950000000  .0003413548
  .5000000000  .0000518876
  .5050000000 -.0002483490
  .5100000000 -.0005594553
  .5150000000 -.0008815417
  .5200000000 -.0012147284
  .5250000000 -24.24813372
  .5300000000 -24.50798416
  .5350000000 -24.77061380
  .5400000000 -25.04129463
  .5450000000 -25.31646936
  .5500000000 -25.59809842
  .5550000000 -25.88655165
  .5600000000 -26.18011016
  .5650000000 -26.48262973
  .5700000000 -26.78919110
  .5750000000 -27.10662452
  .5800000000 -27.42781464
  .5850000000 -27.76062385
  .5900000000 -28.09792385
  .5950000000 -28.44689921
  .6000000000 -28.80132077
  .6050000000 -29.16792480
  .6100000000 -29.54056241
  .6150000000 -29.92639895
  .6200000000 -30.31843894
  .6250000000 -30.72526842
  .6300000000 -31.13884879
  .6350000000 -31.56775596
  .6400000000 -32.00535887
  .6450000000 -32.45739156
  .6500000000 -32.92127166
  .6550000000 -33.39804800
  .6600000000 -33.89069095
  .6650000000 -34.39438175
  .6700000000 -34.91813119
  .6750000000 -35.45495056
  .6800000000 -36.00856760
  .6850000000 -36.58174041
  .6900000000 -37.17028936
  .6950000000 -37.78059408
  .7000000000 -38.41123601
  .7050000000 -39.06053187
  .7100000000 -39.73494799
  .7150000000 -40.43316099
  .7200000000 -41.15400485
  .7250000000 -41.90125047
  .7300000000 -42.67916156
  .7350000000 -43.48454072
  .7400000000 -44.31924306
  .7450000000 -45.18715733
  .7500000000 -46.09275951
  .7550000000 -47.03404080
  .7600000000 -48.01349906
  .7650000000 -49.03383967
  .7700000000 -50.09799474
  .7750000000 -51.21107018
  .7800000000 -52.37603562
  .7850000000 -53.59466983
  .7900000000 -54.87096859
  .7950000000 -56.20927884
  .8000000000 -57.61433429
  .8050000000 -59.09129544
  .8100000000 -60.64579454
  .8150000000 -62.28398643
  .8200000000 -64.01260598
  .8250000000 -65.83903333
  .8300000000 -67.77778105
  .8350000000 -69.83348902
  .8400000000 -72.01587464
  .8450000000 -74.33600453
  .8500000000 -76.81369611
  .8550000000 -79.46500589
  .8600000000 -82.29821809
  .8650000000 -85.35022249
  .8700000000 -88.62892078
  .8750000000 -92.17783559
  .8800000000 -96.01299225
  .8850000000 -100.1896676
  .8900000000 -104.7455295
  .8950000000 -109.7323229
&
@ s5 color  3
@ s5 linestyle  1
@target s5
@type xy
  .4308213846 -10.000
  .4308213846  10.000
  .5243902535  10.000
  .5243902535 -10.000
&
