 (i6, f12.0, f18.0, f8.3, i6)
   668  60.0000000  0.02500000000000  27.000     2
 (3e22.14)
  2.87832554843669e-06  3.02292199491733e-06  3.17478205414508e-06
  3.33427057515065e-06  3.50177073098937e-06  3.67768493886805e-06
  3.86243582646204e-06  4.05646724674043e-06  4.26024534373310e-06
  4.47425967179566e-06  4.69902437105780e-06  4.93507940186991e-06
  5.18299184121444e-06  5.44335724418112e-06  5.71680107378443e-06
  6.00398020252932e-06  6.30558448935855e-06  6.62233843570983e-06
  6.95500292473296e-06  7.30437704771768e-06  7.67130002225796e-06
  8.05665320659539e-06  8.46136221510007e-06  8.88639913986559e-06
  9.33278488379716e-06  9.80159161074070e-06  1.02939453185759e-05
  1.08110285413524e-05  1.13540831870710e-05  1.19244135177183e-05
  1.25233892789279e-05  1.31524489865145e-05  1.38131033779632e-05
  1.45069390369848e-05  1.52356221999077e-05  1.60009027529470e-05
  1.68046184300073e-05  1.76486992209242e-05  1.85351720009088e-05
  1.94661653919584e-05  2.04439148682567e-05  2.14707681173650e-05
  2.25491906703790e-05  2.36817718142642e-05  2.48712308006620e-05
  2.61204233658935e-05  2.74323485778975e-05  2.88101560262299e-05
  3.02571533726718e-05  3.17768142799628e-05  3.33727867382605e-05
  3.50489018085284e-05  3.68091828043258e-05  3.86578549335024e-05
  4.05993554230813e-05  4.26383441513007e-05  4.47797148124485e-05
  4.70286066407272e-05  4.93904167216994e-05  5.18708129199784e-05
  5.44757474547018e-05  5.72114711545744e-05  6.00845484269017e-05
  6.31018729758855e-05  6.62706843082131e-05  6.95985850643539e-05
  7.30935592181580e-05  7.67639911864913e-05  8.06186858960296e-05
  8.46668898536221e-05  8.89183132712994e-05  9.33831532980021e-05
  9.80721184136982e-05  1.02996454043365e-04  1.08167969452556e-04
  1.13599065987196e-04  1.19302766726534e-04  1.25292747617375e-04
  1.31583370165927e-04  1.38189715762786e-04  1.45127621723999e-04
  1.52413719132765e-04  1.60065472572218e-04  1.68101221842577e-04
  1.76540225762927e-04  1.85402708159237e-04  1.94709906150619e-04
  2.04484120844214e-04  2.14748770562748e-04  2.25528446727127e-04
  2.36848972528699e-04  2.48737464528290e-04  2.61222397328687e-04
  2.74333671471761e-04  2.88102684722849e-04  3.02562406906914e-04
  3.17747458478157e-04  3.33694193001703e-04  3.50440783748476e-04
  3.68027314601237e-04  3.86495875489914e-04  4.05890662578027e-04
  4.26258083437678e-04  4.47646867457597e-04  4.70108181747474e-04
  4.93695752804781e-04  5.18465994236354e-04  5.44478140827008e-04
  5.71794389274972e-04  6.00480045919133e-04  6.30603681807644e-04
  6.62237295464520e-04  6.95456483743473e-04  7.30340621154511e-04
  7.66973048097548e-04  8.05441268425316e-04  8.45837156809081e-04
  8.88257176380147e-04  9.32802607158640e-04  9.79579785795830e-04
  1.02870035719158e-03  1.08028153856171e-03  1.13444639657974e-03
  1.19132413821555e-03  1.25105041596646e-03  1.31376764816118e-03
  1.37962535509628e-03  1.44878051176467e-03  1.52139791799713e-03
  1.59765058686080e-03  1.67772015221540e-03  1.76179729634769e-03
  1.85008219868547e-03  1.94278500658608e-03  2.04012632931470e-03
  2.14233775629799e-03  2.24966240086957e-03  2.36235547071918e-03
  2.48068486635712e-03  2.60493180894000e-03  2.73539149889496e-03
  2.87237380680806e-03  3.01620399817359e-03  3.16722349358466e-03
  3.32579066614302e-03  3.49228167780899e-03  3.66709135662748e-03
  3.85063411675024e-03  4.04334492333640e-03  4.24568030446229e-03
  4.45811941231828e-03  4.68116513600779e-03  4.91534526847715e-03
  5.16121373006522e-03  5.41935185148623e-03  5.69036971894953e-03
  5.97490758447260e-03  6.27363734440243e-03  6.58726408942073e-03
  6.91652772937571e-03  7.26220469651588e-03  7.62510973074661e-03
  8.00609775087488e-03  8.40606581571827e-03  8.82595517948677e-03
  9.26675344563371e-03  9.72949682395007e-03  1.02152724955779e-02
  1.07252210910360e-02  1.12605392864340e-02  1.18224825234186e-02
  1.24123678584344e-02  1.30315769474274e-02  1.36815591719906e-02
  1.43638349136441e-02  1.50799989828313e-02  1.58317242098108e-02
  1.66207652046651e-02  1.74489622942603e-02  1.83182456438552e-02
  1.92306395720757e-02  2.01882670674175e-02  2.11933545157937e-02
  2.22482366480914e-02  2.33553617177957e-02  2.45172969186648e-02
  2.57367340531554e-02  2.70164954624200e-02  2.83595402295605e-02
  2.97689706676042e-02  3.12480391051129e-02  3.28001549814933e-02
  3.44288922660647e-02  3.61379972140085e-02  3.79313964739727e-02
  3.98132055618606e-02  4.17877377163911e-02  4.38595131520473e-02
  4.60332687263499e-02  4.83139680377885e-02  5.07068119730659e-02
  5.32172497205838e-02  5.58509902703439e-02  5.86140144185324e-02
  6.15125872976689e-02  6.45532714524719e-02  6.77429404831370e-02
  7.10887932774358e-02  7.45983688550069e-02  7.82795618457740e-02
  8.21406386281072e-02  8.61902541488823e-02  9.04374694528563e-02
  9.48917699449462e-02  9.95630844130943e-02  1.04461804837594e-01
  1.09598807014896e-01  1.14985472022820e-01  1.20633708556931e-01
  1.26555976164621e-01  1.32765309409267e-01  1.39275342989925e-01
  1.46100337850595e-01  1.53255208305446e-01  1.60755550212766e-01
  1.68617670226300e-01  1.76858616155439e-01  1.85496208462767e-01
  1.94549072931423e-01  2.04036674527866e-01  2.13979352494816e-01
  2.24398356695574e-01  2.35315885244876e-01  2.46755123446388e-01
  2.58740284066949e-01  2.71296648968693e-01  2.84450612123699e-01
  2.98229724028756e-01  3.12662737543245e-01  3.27779655158900e-01
  3.43611777724879e-01  3.60191754625105e-01  3.77553635427966e-01
  3.95732922999135e-01  4.14766628084103e-01  4.34693325348492e-01
  4.55553210868203e-01  4.77388161046175e-01  5.00241792939811e-01
  5.24159525954723e-01  5.49188644884287e-01  5.75378364223859e-01
  6.02779893727452e-01  6.31446505118819e-01  6.61433599894444e-01
  6.92798778119578e-01  7.25601908122513e-01  7.59905196961658e-01
  7.95773261550101e-01  8.33273200267813e-01  8.72474664931851e-01
  9.13449932900206e-01  9.56273979152552e-01  1.00102454808724e+00
  1.04778222481740e+00  1.09663050568066e+00  1.14765586768209e+00
  1.20094783653210e+00  1.25659905295802e+00  1.31470533686737e+00
  1.37536574901281e+00  1.43868264963659e+00  1.50476175369452e+00
  1.57371218207191e+00  1.64564650828384e+00  1.72068080003041e+00
  1.79893465498938e+00  1.88053123012822e+00  1.96559726385241e+00
  2.05426309013179e+00  2.14666264388315e+00  2.24293345658661e+00
  2.34321664134290e+00  2.44765686625436e+00  2.55640231516967e+00
  2.66960463463039e+00  2.78741886589756e+00  2.91000336077791e+00
  3.03751968005538e+00  3.17013247305013e+00  3.30800933709745e+00
  3.45132065524336e+00  3.60023941089427e+00  3.75494097762994e+00
  3.91560288271303e+00  4.08240454251693e+00  4.25552696824316e+00
  4.43515244004515e+00  4.62146414794394e+00  4.81464579745816e+00
  5.01488117844054e+00  5.22235369486096e+00  5.43724585409326e+00
  5.65973871349130e+00  5.89001128273765e+00  6.12823987985927e+00
  6.37459743961877e+00  6.62925277200717e+00  6.89236977000208e+00
  7.16410656442833e+00  7.44461462517927e+00  7.73403780723980e+00
  8.03251134093385e+00  8.34016076514768e+00  8.65710080387443e+00
  8.98343418475336e+00  9.31925040115913e+00  9.66462441697388e+00
  1.00196153161551e+01  1.03842648977038e+01  1.07585962184701e+01
  1.11426120858536e+01  1.15362935040545e+01  1.19395980768120e+01
  1.23524583722549e+01  1.27747802536155e+01  1.32064411836697e+01
  1.36472885080769e+01  1.40971377271004e+01  1.45557707633507e+01
  1.50229342367820e+01  1.54983377563113e+01  1.59816522427427e+01
  1.64725082930948e+01  1.69704946048040e+01  1.74751564718696e+01
  1.79859943732843e+01  1.85024626698185e+01  1.90239684304762e+01
  1.95498704082201e+01  2.00794781886630e+01  2.06120515330815e+01
  2.11467999428061e+01  2.16828824667777e+01  2.22194077836923e+01
  2.27554345794992e+01  2.32899722545296e+01  2.38219819825523e+01
  2.43503781544360e+01  2.48740302306041e+01  2.53917650347826e+01
  2.59023695090640e+01  2.64045939655482e+01  2.68971558477595e+01
  2.73787440352305e+01  2.78480237018953e+01  2.83036417523053e+01
  2.87442328429504e+01  2.91684260053045e+01  2.95748518651999e+01
  2.99621504709520e+01  3.03289797084122e+01  3.06740243043754e+01
  3.09960053855676e+01  3.12936905738363e+01  3.15659045722780e+01
  3.18115402059338e+01  3.20295698475393e+01  3.22190571790454e+01
  3.23791691935683e+01  3.25091883669848e+01  3.26085248869587e+01
  3.26767288384016e+01  3.27135022163973e+01  3.27187106430338e+01
  3.26923946330193e+01  3.26347802705784e+01  3.25462891188884e+01
  3.24275472070809e+01  3.22793929071212e+01  3.21028835257387e+01
  3.18993004210145e+01  3.16701524647908e+01  3.14171776551064e+01
  3.11423427137378e+01  3.08478404745469e+01  3.05360849230803e+01
  3.02097037136621e+01  2.98715280505982e+01  2.95245798069588e+01
  2.91720558050213e+01  2.88173091851847e+01  2.84638278552823e+01
  2.81152100033221e+01  2.77751367497412e+01  2.74473420016602e+01
  2.71355796650359e+01  2.68435883828647e+01  2.65750540378112e+01
  2.63335702963036e+01  2.61225975296657e+01  2.59454204894249e+01
  2.58051051720074e+01  2.57044553487024e+01  2.56459692787637e+01
  2.56317971732035e+01  2.56636999958356e+01  2.57430102309603e+01
  2.58705952567642e+01  2.60468239835417e+01  2.62715374139595e+01
  2.65440237829631e+01  2.68629989075526e+01  2.72265923633072e+01
  2.76323400470550e+01  2.80771836471758e+01  2.85574774750834e+01
  2.90690030240276e+01  2.96069915541156e+01  3.01661548820389e+01
  3.07407244551503e+01  3.13244986725533e+01  3.19108982767556e+01
  3.24930295205464e+01  3.30637546652819e+01  3.36157692311625e+01
  3.41416852775267e+01  3.46341198598239e+01  3.50857876572178e+01
  3.54895966761207e+01  3.58387457639278e+01  3.61268226278864e+01
  3.63479009059983e+01  3.64966348117253e+01  3.65683497964356e+01
  3.65591276615364e+01  3.64658845343309e+01  3.62864401668446e+01
  3.60195770370340e+01  3.56650878456975e+01  3.52238100829777e+01
  3.46976464986333e+01  3.40895704732839e+01  3.34036154863521e+01
  3.26448481141307e+01  3.18193242420332e+01  3.09340284532372e+01
  2.99967968740190e+01  2.90162240487801e+01  2.80015547774916e+01
  2.69625621593245e+01  2.59094134369776e+01  2.48525255491585e+01
  2.38024126151840e+01  2.27695278356386e+01  2.17641025526852e+01
  2.07959853822715e+01  1.98744844787520e+01  1.90082160487565e+01
  1.82049622237298e+01  1.74715413173232e+01  1.68136933173055e+01
  1.62359832197904e+01  1.57417244771734e+01  1.53329244506936e+01
  1.50102532834688e+01  1.47730371360109e+01  1.46192761743302e+01
  1.45456871675566e+01  1.45477699968499e+01  1.46198968376156e+01
  1.47554222575467e+01  1.49468119834510e+01  1.51857876439907e+01
  1.54634844021858e+01  1.57706180654596e+01  1.60976580131882e+01
  1.64350021249159e+01  1.67731498369853e+01  1.71028695070297e+01
  1.74153564286908e+01  1.77023781104126e+01  1.79564038046635e+01
  1.81707157360818e+01  1.83395000133263e+01  1.84579157956079e+01
  1.85221419086240e+01  1.85294007270721e+01  1.84779597592159e+01
  1.83671119383349e+01  1.81971361494564e+01  1.79692399625152e+01
  1.76854869059305e+01  1.73487108824329e+01  1.69624205009672e+01
  1.65306961756493e+01  1.60580828277617e+01  1.55494809301681e+01
  1.50100384633391e+01  1.44450461219550e+01  1.38598378346253e+01
  1.32596983488649e+01  1.26497793031703e+01  1.20350248723776e+01
  1.14201077374551e+01  1.08093758133978e+01  1.02068098698534e+01
  9.61599191028851e+00  9.04008393530352e+00  8.48181651817978e+00
  7.94348644757689e+00  7.42696256756260e+00  6.93369884963806e+00
  6.46475366825197e+00  6.02081422590055e+00  5.60222506929210e+00
  5.20901966485761e+00  4.84095404649486e+00  4.49754161326059e+00
  4.17808823390615e+00  3.88172690493385e+00  3.60745130771242e+00
  3.35414771239576e+00  3.12062478121166e+00  2.90564092672831e+00
  2.70792898019945e+00  2.52621801831197e+00  2.35925228373761e+00
  2.20580720914178e+00  2.06470262308929e+00  1.93481327028573e+00
  1.81507682284102e+00  1.70449959382237e+00  1.60216018548443e+00
  1.50721131913580e+00  1.41888009712463e+00  1.33646694442141e+00
  1.25934346791099e+00  1.18694945657700e+00  1.11878922770222e+00
  1.05442750309830e+00  9.93484977039777e-01  9.35633714754582e-01
  8.80592497733149e-01  8.28122210708672e-01  7.78021345219728e-01
  7.30121676699540e-01  6.84284156327327e-01  6.40395045271393e-01
  5.98362308001837e-01  5.58112272278863e-01  5.19586556608228e-01
  4.82739261157175e-01  4.47534414453607e-01  4.13943666576442e-01
  3.81944218255272e-01  3.51516975490587e-01  3.22644919344947e-01
  2.95311681779975e-01  2.69500318675795e-01  2.45192272341534e-01
  2.22366516268052e-01  2.00998875123200e-01  1.81061513053216e-01
  1.62522582896563e-01  1.45346028296052e-01  1.29491529568934e-01
  1.14914583092856e-01  1.01566702520995e-01  8.93957287779935e-02
  7.83462344147987e-02  6.83600066986922e-02  5.93765928768905e-02
  5.13338904066960e-02  4.41687647124912e-02  3.78176772075431e-02
  3.22173069558020e-02  2.73051504226115e-02  2.30200852511948e-02
  1.93028858576787e-02  1.60966807833217e-02  1.33473441037351e-02
  1.10038156720727e-02  9.01834746984933e-03  7.34667575974000e-03
  5.94812098775239e-03  4.78561938925005e-03  3.82569195178290e-03
  3.03835773082188e-03  2.39699947829974e-03  1.87819012188445e-03
  1.46148883792986e-03  1.12921532528084e-03  8.66210450863364e-04
  6.59590758810003e-04  4.98503469266672e-04  3.73887604957328e-04
  2.78245831418337e-04  2.05430537173242e-04  1.50446658709388e-04
  1.09272812820988e-04  7.87014606987842e-05  5.61981180007287e-05
  3.97790430371111e-05  2.79063940168187e-05  1.93995254609148e-05
  1.33608930413187e-05  9.11493717389180e-06  6.15829148481752e-06
  4.11971790993830e-06  2.72825785525766e-06  1.78822342515011e-06
  1.15979718172151e-06  7.44165342056397e-07  4.72264146096711e-07
  2.96365389851410e-07  1.83862747419042e-07  1.12740095967574e-07
  6.83084320482245e-08  4.08857685659347e-08  2.41691523712746e-08
  1.41068126207773e-08  8.12758497867150e-09  4.62106125619703e-09
  2.59212693658909e-09  1.43410052297769e-09  7.82356390663556e-10
  4.20718495391173e-10  2.22966071144683e-10  1.16413466556198e-10
  5.98640190976838e-11  3.03119621873568e-11  1.51085948507543e-11
  7.41085640466712e-12  3.57616866949676e-12  1.69723514148570e-12
  7.91967368934291e-13  3.63226774807537e-13  1.63687074920166e-13
  7.24556981081884e-14  3.14922684323406e-14  1.34355480930800e-14
  5.62416795489209e-15  2.30915475784398e-15  9.29620922313993e-16
  3.66754420059945e-16  1.41724717464188e-16  5.36207333382992e-17
  1.98588595105787e-17  7.19340192423737e-18  2.54698929120963e-18
  8.80890112903628e-19  2.97491959910550e-19  9.80850220316185e-20
  3.15990769777419e-20  9.93080329448808e-21  3.03771606902106e-21
  9.03646103565274e-22  2.61193781803072e-22  7.32918256779360e-23
  1.99472238835273e-23  5.26067196787396e-24  1.34314120550362e-24
  3.31670110531911e-25  7.91353809214221e-26  1.82256646913543e-26
  4.04767990590162e-27  8.65952233226047e-28
  1.60120009071997e-24  1.82669661561351e-24  2.08394067436395e-24
  2.37740045687313e-24  2.71217276723135e-24  3.09407141811708e-24
  3.52972804794335e-24  4.02670710539105e-24  4.59363699079156e-24
  5.24035962288779e-24  5.97810101791992e-24  6.81966583060139e-24
  7.77965922044809e-24  8.87473987844751e-24  1.01239085868425e-23
  1.15488372977805e-23  1.31742444154516e-23  1.50283227630487e-23
  1.71432276240514e-23  1.95556332827279e-23  2.23073676688168e-23
  2.54461360567444e-23  2.90263463030640e-23  3.31100498537356e-23
  3.77680147450356e-23  4.30809490926823e-23  4.91408961515800e-23
  5.60528249785064e-23  6.39364440912978e-23  7.29282693495109e-23
  8.31839816472326e-23  9.48811149841656e-23  1.08222121150754e-22
  1.23437863723644e-22  1.40791601429686e-22  1.60583529324291e-22
  1.83155955788370e-22  2.08899204236053e-22  2.38258340833110e-22
  2.71740843659118e-22  3.09925344849150e-22  3.53471595593722e-22
  4.03131824771706e-22  4.59763685792250e-22  5.24345013334725e-22
  5.97990642553831e-22  6.81971578490692e-22  7.77736843484182e-22
  8.86938375996882e-22  1.01145940621815e-21  1.15344679296479e-21
  1.31534787375908e-21  1.49995245666696e-21  1.71044066980104e-21
  1.95043748382321e-21  2.22407483596399e-21  2.53606241293317e-21
  2.89176829676619e-21  3.29731084461903e-21  3.75966336352413e-21
  4.28677335743850e-21  4.88769836999246e-21  5.57276072649464e-21
  6.35372379743317e-21  7.24399276838506e-21  8.25884331385298e-21
  9.41568204197382e-21  1.07343431110553e-20  1.22374260263514e-20
  1.39506803164233e-20  1.59034435742977e-20  1.81291402422916e-20
  2.06658495357613e-20  2.35569520565688e-20  2.68518659610739e-20
  3.06068850412261e-20  3.48861327755430e-20  3.97626483369714e-20
  4.53196227388323e-20  5.16518057931719e-20  5.88671073897993e-20
  6.70884198236252e-20  7.64556915563239e-20  8.71282869541108e-20
  9.92876712643005e-20  1.13140465455401e-19  1.28921921635210e-19
  1.46899876677035e-19  1.67379249535977e-19  1.90707156652767e-19
  2.17278729962220e-19  2.47543733511218e-19  2.82014087728086e-19
  3.21272425180127e-19  3.65981818443131e-19  4.16896839751730e-19
  4.74876133704220e-19  5.40896708798525e-19  6.16070181367246e-19
  7.01661236988445e-19  7.99108610176547e-19  9.10048923655523e-19
  1.03634377441955e-18  1.18011050580686e-18  1.34375716375727e-18
  1.53002220220271e-18  1.74201957818719e-18  1.98328996298447e-18
  2.25785889250110e-18  2.57030279009510e-18  2.92582391928615e-18
  3.33033546457378e-18  3.79055809784439e-18  4.31412956804891e-18
  4.90972905568351e-18  5.58721826417122e-18  6.35780148096564e-18
  7.23420713599451e-18  8.23089371828194e-18  9.36428328821306e-18
  1.06530262484724e-17  1.21183015174731e-17  1.37841567921773e-17
  1.56778942004704e-17  1.78305073357544e-17  2.02771764480095e-17
  2.30578294478753e-17  2.62177773756245e-17  2.98084341099631e-17
  3.38881313581091e-17  3.85230413968726e-17  4.37882216445409e-17
  4.97687969583324e-17  5.65612975971180e-17  6.42751730932877e-17
  7.30345048725892e-17  8.29799433834077e-17  9.42708987864586e-17
  1.07088017959797e-16  1.21635984740112e-16  1.38146685010192e-16
  1.56882783514579e-16  1.78141765214826e-16  2.02260500660836e-16
  2.29620402346621e-16  2.60653247434955e-16  2.95847751693278e-16
  3.35756990099585e-16  3.81006771503724e-16  4.32305088110321e-16
  4.90452775571590e-16  5.56355536327509e-16  6.31037497734484e-16
  7.15656497713425e-16  8.11521314417865e-16  9.20111083042961e-16
  1.04309717274859e-15  1.18236783008924e-15  1.34005593278633e-15
  1.51857023959629e-15  1.72063056894638e-15  1.94930739153298e-15
  2.20806638080236e-15  2.50081853099697e-15  2.83197652587283e-15
  3.20651812343145e-15  3.63005741377756e-15  4.10892490988472e-15
  4.65025754567607e-15  5.26209978391662e-15  5.95351717937073e-15
  6.73472390243450e-15  7.61722590650339e-15  8.61398162142799e-15
  9.73958227705570e-15  1.10104542085822e-14  1.24450857713082e-14
  1.40642818003026e-14  1.58914488934031e-14  1.79529151787468e-14
  2.02782886536302e-14  2.29008586570089e-14  2.58580455661436e-14
  2.91919043975326e-14  3.29496886479614e-14  3.71844814418920e-14
  4.19559018646988e-14  4.73308952655260e-14  5.33846173221703e-14
  6.02014227783147e-14  6.78759710139974e-14  7.65144619929183e-14
  8.62360176765348e-14  9.71742257081706e-14  1.09478864079701e-13
  1.23317827613470e-13  1.38879279453095e-13  1.56374053375622e-13
  1.76038335656261e-13  1.98136658453384e-13  2.22965240286767e-13
  2.50855713177618e-13  2.82179280479059e-13  3.17351354351612e-13
  3.56836727350883e-13  4.01155338681590e-13  4.50888702466171e-13
  5.06687072906996e-13  5.69277429601793e-13  6.39472375567484e-13
  7.18180050889025e-13  8.06415176367531e-13  9.05311354356175e-13
  1.01613476811448e-12  1.14029943682556e-12  1.27938420091822e-12
  1.43515163184155e-12  1.60956908206327e-12  1.80483211519968e-12
  2.02339058285111e-12  2.26797764460524e-12  2.54164206063855e-12
  2.84778412325144e-12  3.19019563456521e-12  3.57310438316230e-12
  4.00122362317096e-12  4.47980711559155e-12  5.01471035467121e-12
  5.61245867162482e-12  6.28032298638645e-12  7.02640406413936e-12
  7.85972623047789e-12  8.79034160630293e-12  9.82944604369496e-12
  1.09895080775409e-11  1.22844123571115e-11  1.37296191877052e-11
  1.53423419986013e-11  1.71417447603188e-11  1.91491616060273e-11
  2.13883411696121e-11  2.38857184432238e-11  2.66707172773980e-11
  2.97760870112266e-11  3.32382771202483e-11  3.70978542247199e-11
  4.13999663049857e-11  4.61948595383185e-11  5.15384538063084e-11
  5.74929836342253e-11  6.41277121217115e-11  7.15197263216289e-11
  7.97548235269680e-11  8.89284990608642e-11  9.91470474270162e-11
  1.10528790114138e-10  1.23205444946058e-10  1.37323653682018e-10
  1.53046686603737e-10  1.70556345121011e-10  1.90055086008920e-10
  2.11768393809643e-10  2.35947431214907e-10  2.62872000963634e-10
  2.92853856982509e-10  3.26240407233150e-10  3.63418856102451e-10
  4.04820840217308e-10  4.50927618455372e-10  5.02275884670481e-10
  5.59464280485754e-10  6.23160695473202e-10  6.94110453382432e-10
  7.73145495915224e-10  8.61194690158625e-10  9.59295402334709e-10
  1.06860649937743e-09  1.19042296126419e-09  1.32619231131996e-09
  1.47753309954510e-09  1.64625570535315e-09  1.83438576223897e-09
  2.04419054761463e-09  2.27820872775535e-09  2.53928390090967e-09
  2.83060244220828e-09  3.15573622316036e-09  3.51869085713956e-09
  3.92396021286612e-09  4.37658803965703e-09  4.88223766664642e-09
  5.44727087130149e-09  6.07883716604295e-09  6.78497492690920e-09
  7.57472598718589e-09  8.45826554978203e-09  9.44704952882938e-09
  1.05539817366468e-08  1.17936036656952e-08  1.31823100131391e-08
  1.47385935377049e-08  1.64833233510711e-08  1.84400613320924e-08
  2.06354220167456e-08  2.30994820886995e-08  2.58662464609334e-08
  2.89741789498686e-08  3.24668066801518e-08  3.63934086719314e-08
  4.08098005634440e-08  4.57792291180192e-08  5.13733921621172e-08
  5.76736017736433e-08  6.47721111887679e-08  7.27736287303642e-08
  8.17970454773379e-08  9.19774071738924e-08  1.03468165272500e-07
  1.16443746937962e-07  1.31102489639159e-07  1.47669992305718e-07
  1.66402942599332e-07  1.87593488215755e-07  2.11574229800998e-07
  2.38723924143642e-07  2.69473998765903e-07  3.04315993427569e-07
  3.43810060209634e-07  3.88594672721574e-07  4.39397715540288e-07
  4.97049149694969e-07  5.62495476785825e-07  6.36816255592066e-07
  7.21242960515229e-07  8.17180510939979e-07  9.26231846219324e-07
  1.05022597299182e-06  1.19124996903436e-06  1.35168549590774e-06
  1.53425044543695e-06  1.74204643261581e-06  1.97861294141513e-06
  2.24798904054520e-06  2.55478370654696e-06  2.90425593474489e-06
  3.30240596696549e-06  3.75607915185177e-06  4.27308414016991e-06
  4.86232735066862e-06  5.53396588682507e-06  6.29958136783894e-06
  7.17237745668373e-06  8.16740421477593e-06  9.30181282290260e-06
  1.05951446305104e-05  1.20696590255831e-05  1.37507051230062e-05
  1.56671429470434e-05  1.78518204057747e-05  2.03421131834231e-05
  2.31805354721094e-05  2.64154304445039e-05  3.01017503992287e-05
  3.43019376471997e-05  3.90869185264362e-05  4.45372242811409e-05
  5.07442541343186e-05  5.78116975453408e-05  6.58571345457830e-05
  7.50138350038202e-05  8.54327800361129e-05  9.72849309685395e-05
  1.10763774212611e-04  1.26088172870819e-04  1.43505559391129e-04
  1.63295506484189e-04  1.85773717525512e-04  2.11296481017328e-04
  2.40265638187592e-04  2.73134116912815e-04  3.10412089557578e-04
  3.52673817736095e-04  4.00565251274595e-04  4.54812454523321e-04
  5.16230938403638e-04  5.85735981927584e-04  6.64354033149936e-04
  7.53235284286074e-04  8.53667523180544e-04  9.67091365680791e-04
  1.09511698346383e-03  1.23954244132766e-03  1.40237376767390e-03
  1.58584688186569e-03  1.79245150699918e-03  2.02495719886078e-03
  2.28644161990951e-03  2.58032119096499e-03  2.91038424414831e-03
  3.28082680197629e-03  3.69629109559857e-03  4.16190692604301e-03
  4.68333596033319e-03  5.26681903313855e-03  5.91922650919921e-03
  6.64811172423083e-03  7.46176751115911e-03  8.36928575184354e-03
  9.38061988750136e-03  1.05066502376850e-02  1.17592519478706e-02
  1.31513653089486e-02  1.46970681220177e-02  1.64116497143556e-02
  1.83116861053199e-02  2.04151157508143e-02  2.27413151709334e-02
  2.53111736607223e-02  2.81471661724831e-02  3.12734233186511e-02
  3.47157973006853e-02  3.85019224782778e-02  4.26612690545883e-02
  4.72251883084155e-02  5.22269475745433e-02  5.77017530369356e-02
  6.36867582909319e-02  7.02210564280697e-02  7.73456532721844e-02
  8.51034193509909e-02  9.35390179230871e-02  1.02698806488850e-01
  1.12630709011268e-01  1.23384056111918e-01  1.35009390597839e-01
  1.47558235612928e-01  1.61082822987790e-01  1.75635779504290e-01
  1.91269769018532e-01  2.08037088913956e-01  2.25989219642772e-01
  2.45176326717622e-01  2.65646715328452e-01  2.87446238172143e-01
  3.10617658368009e-01  3.35199969884605e-01  3.61227679256693e-01
  3.88730053108136e-01  4.17730337753031e-01  4.48244957279343e-01
  4.80282699014994e-01  5.13843894949550e-01  5.48919609874160e-01
  5.85490847102739e-01  6.23527783902267e-01  6.62989048802334e-01
  7.03821054368694e-01  7.45957397979501e-01  7.89318345065380e-01
  8.33810408172645e-01  8.79326036522975e-01  9.25743430944260e-01
  9.72926499538385e-01  1.02072497051706e+00  1.06897467867354e+00
  1.11749804226812e+00  1.16610474613111e+00  1.21459264476080e+00
  1.26274889593919e+00  1.31035133028750e+00  1.35717005637085e+00
  1.40296929342744e+00  1.44750941643196e+00  1.49054919006166e+00
  1.53184816087836e+00  1.57116916976821e+00  1.60828094158749e+00
  1.64296070328484e+00  1.67499677991950e+00  1.70419111533724e+00
  1.73036166505851e+00  1.75334461109698e+00  1.77299635078465e+00
  1.78919521849490e+00  1.80184290387204e+00  1.81086553906810e+00
  1.81621443511439e+00  1.81786645671651e+00  1.81582403386855e+00
  1.81011481742249e+00  1.80079099431161e+00  1.78792828557931e+00
  1.77162465741826e+00  1.75199877977406e+00  1.72918827282602e+00
  1.70334778227169e+00  1.67464692747939e+00  1.64326816507777e+00
  1.60940461001589e+00  1.57325785341062e+00  1.53503581320979e+00
  1.49495064978551e+00  1.45321677398911e+00  1.41004897051837e+00
  1.36566065456055e+00  1.32026227495996e+00  1.27405987267111e+00
  1.22725379920859e+00  1.18003759548446e+00  1.13259703031477e+00
  1.08510929121200e+00  1.03774232366682e+00  9.90654307424467e-01
  9.43993262388741e-01  8.97896772681205e-01  8.52491818613863e-01
  8.07894706135563e-01  7.64211083166545e-01  7.21536032976687e-01
  6.79954235265341e-01  6.39540185957041e-01  6.00358467767230e-01
  5.62464063913311e-01  5.25902708245845e-01  4.90711265631563e-01
  4.56918137031919e-01  4.24543684312404e-01  3.93600670409838e-01
  3.64094710905858e-01  3.36024733223173e-01  3.09383440769555e-01
  2.84157778498745e-01  2.60329397825827e-01  2.37875118048384e-01
  2.16767382160206e-01  1.96974704943223e-01  1.78462111238994e-01
  1.61191562693163e-01  1.45122371196258e-01  1.30211597574425e-01
  1.16414434209179e-01  1.03684570461145e-01  9.19745400208379e-02
  8.12360494690285e-02  7.14202875638648e-02  6.24782149451856e-02
  5.43608341198623e-02  4.70194397539032e-02  4.04058494224308e-02
  3.44726150866657e-02  2.91732156566845e-02  2.44622310693938e-02
  2.02954983643418e-02  1.66302502745472e-02  1.34252368692726e-02
  1.06408307930341e-02  8.23911666046509e-03  6.18396504524363e-03
  4.44109176744113e-03  2.97810278742857e-03  1.76452529130895e-03
  7.71825427080819e-04 -2.65868563314800e-05 -6.55365335825046e-04
 -1.13724695266139e-03 -1.49308262027848e-03 -1.74187879864985e-03
 -1.90084921694471e-03 -1.98547603342555e-03 -2.00957964782101e-03
 -1.98539629925459e-03 -1.92366249711811e-03 -1.83370525056372e-03
 -1.72353698966476e-03 -1.59995400715809e-03 -1.46863720836442e-03
 -1.33425393107598e-03 -1.20055959960992e-03 -1.07049800305266e-03
 -9.46299044127606e-04 -8.29572884032989e-04 -7.21399516849309e-04
 -6.22412934680062e-04 -5.32879191327701e-04 -4.52767831819306e-04
 -3.81816321936136e-04 -3.19587280228290e-04 -2.65518478919605e-04
 -2.18965734061655e-04 -1.79238944383695e-04 -1.45631658490125e-04
 -1.17444648384855e-04 -9.40040419731292e-05 -7.46746175655711e-05
 -5.88688900236108e-05 -4.60526225701047e-05 -3.57473828630215e-05
 -2.75307297076646e-05 -2.10345712393125e-05 -1.59421801582537e-05
 -1.19842902649202e-05 -8.93463435275806e-06 -6.60521982467756e-06
 -4.84157689490201e-06 -3.51815817235293e-06 -2.53401748707351e-06
 -1.80885244140157e-06 -1.27945888522272e-06 -8.96615646068518e-07
 -6.22396218978449e-07 -4.27886702493966e-07 -2.91278926376121e-07
 -1.96300597693585e-07 -1.30941376201084e-07 -8.64334606530949e-08
 -5.64469046456091e-08 -3.64629324108184e-08 -2.32923167460536e-08
 -1.47101224208231e-08 -9.18229955794782e-09 -5.66374710053014e-09
 -3.45107847313371e-09 -2.07674387147770e-09 -1.23384549585133e-09
 -7.23538108656589e-10 -4.18643348623453e-10 -2.38936796667885e-10
 -1.34467058796497e-10 -7.45962782183007e-11 -4.07768814101444e-11
 -2.19561755974865e-11 -1.16412247010443e-11 -6.07544252599972e-12
 -3.11978726821821e-12 -1.57567179665195e-12 -7.82386590122850e-13
 -3.81775601597836e-13 -1.82994196523174e-13 -8.61221661590111e-14
 -3.97779177653279e-14 -1.80224480181764e-14 -8.00607202512558e-15
 -3.48533694451365e-15 -1.48616403065951e-15 -6.20382101302211e-16
 -2.53392018828067e-16 -1.01206425733255e-16 -3.95094034597308e-17
 -1.50733224880681e-17 -5.61417883727226e-18 -2.04022125557513e-18
 -7.22998502706834e-19 -2.49727796092215e-19 -8.40661203711059e-20
 -2.76100989005266e-20 -8.83128139190816e-21 -2.74436291070233e-21
 -8.27951746879473e-22 -2.42320205674021e-22 -6.87483768369718e-23
 -1.88921786699738e-23 -5.02456221638566e-24 -1.29226583350901e-24
 -3.21125387017941e-25 -7.70351392380143e-26 -1.78240851653868e-26
 -3.97404347859001e-27 -8.53017067722863e-28
 (i6, f12.0, f18.0, f8.3, i6)
   665  60.0000000  0.02500000000000  26.000     2
 (3e22.14)
  2.89367842428714e-06  3.03926416341951e-06  3.19217416628568e-06
  3.35277687848568e-06  3.52145927786895e-06  3.69862780649874e-06
  3.88470934947015e-06  4.08015226293617e-06  4.28542745381438e-06
  4.50102951377106e-06  4.72747791021135e-06  4.96531823713587e-06
  5.21512352887794e-06  5.47749563987142e-06  5.75306669378044e-06
  6.04250060545370e-06  6.34649467939541e-06  6.66578128854441e-06
  7.00112963747632e-06  7.35334761415058e-06  7.72328373479965e-06
  8.11182918648184e-06  8.51991997233653e-06  8.94853916460498e-06
  9.39871927088598e-06  9.87154471926991e-06  1.03681544683751e-05
  1.08897447484716e-05  1.14375719403965e-05  1.20129555990295e-05
  1.26172816287350e-05  1.32520056182756e-05  1.39186563432940e-05
  1.46188394446868e-05  1.53542412918217e-05  1.61266330396784e-05
  1.69378748899263e-05  1.77899205658273e-05  1.86848220120418e-05
  1.96247343303300e-05  2.06119209631832e-05  2.16487591377027e-05
  2.27377455828672e-05  2.38815025337882e-05  2.50827840375235e-05
  2.63444825752985e-05  2.76696360173956e-05  2.90614349268920e-05
  3.05232302302587e-05  3.20585412727593e-05  3.36710642782588e-05
  3.53646812335115e-05  3.71434692183512e-05  3.90117102039334e-05
  4.09739013427839e-05  4.30347657748303e-05  4.51992639759297e-05
  4.74726056752249e-05  4.98602623706980e-05  5.23679804721152e-05
  5.50017951033215e-05  5.77680445965543e-05  6.06733857136724e-05
  6.37248096303553e-05  6.69296587219651e-05  7.02956441904024e-05
  7.38308645751566e-05  7.75438251913613e-05  8.14434585427040e-05
  8.55391457566581e-05  8.98407390940683e-05  9.43585855862279e-05
  9.91035518562316e-05  1.04087050183236e-04  1.09321065872593e-04
  1.14818185995773e-04  1.20591629570392e-04  1.26655279249879e-04
  1.33023714600637e-04  1.39712247043816e-04  1.46736956546283e-04
  1.54114730147140e-04  1.61863302412066e-04  1.70001297910706e-04
  1.78548275819449e-04  1.87524776753454e-04  1.96952371941611e-04
  2.06853714858564e-04  2.17252595438397e-04  2.28173996996902e-04
  2.39644155998825e-04  2.51690624809585e-04  2.64342337583323e-04
  2.77629679438502e-04  2.91584559090468e-04  3.06240485106873e-04
  3.21632645971021e-04  3.37797994138908e-04  3.54775334290412e-04
  3.72605415981376e-04  3.91331030916998e-04  4.10997115072793e-04
  4.31650855908276e-04  4.53341804919131e-04  4.76121995801022e-04
  5.00046068494152e-04  5.25171399407545e-04  5.51558238123509e-04
  5.79269850906369e-04  6.08372671349500e-04  6.38936458516918e-04
  6.71034462944622e-04  7.04743600897942e-04  7.40144637281017e-04
  7.77322377639909e-04  8.16365869692707e-04  8.57368614869440e-04
  9.00428790345628e-04  9.45649482092114e-04  9.93138929478984e-04
  1.04301078200760e-03  1.09538436875816e-03  1.15038498119106e-03
  1.20814416993819e-03  1.26880005629541e-03  1.33249765911112e-03
  1.39938923784783e-03  1.46963465259284e-03  1.54340174185716e-03
  1.62086671902521e-03  1.70221458837638e-03  1.78763958161859e-03
  1.87734561595655e-03  1.97154677471778e-03  2.07046781166187e-03
  2.17434468010322e-03  2.28342508807039e-03  2.39796908075116e-03
  2.51824965156956e-03  2.64455338324802e-03  2.77718112035738e-03
  2.91644867481654e-03  3.06268756599693e-03  3.21624579705032e-03
  3.37748866924313e-03  3.54679963610639e-03  3.72458119933306e-03
  3.91125584840857e-03  4.10726704610592e-03  4.31308026199457e-03
  4.52918405633300e-03  4.75609121666383e-03  4.99433994972201e-03
  5.24449513121147e-03  5.50714961626341e-03  5.78292561342416e-03
  6.07247612521483e-03  6.37648645838167e-03  6.69567580718899e-03
  7.03079891311858e-03  7.38264780470023e-03  7.75205362108835e-03
  8.13988852348041e-03  8.54706769835391e-03  8.97455145691764e-03
  9.42334743520629e-03  9.89451289955375e-03  1.03891571622826e-02
  1.09084441128170e-02  1.14535948694124e-02  1.20258905572822e-02
  1.26266752186726e-02  1.32573588612285e-02  1.39194206507384e-02
  1.46144122550319e-02  1.53439613458026e-02  1.61097752656147e-02
  1.69136448674645e-02  1.77574485348539e-02  1.86431563902432e-02
  1.95728347006990e-02  2.05486504890862e-02  2.15728763604446e-02
  2.26478955526765e-02  2.37762072217615e-02  2.49604319716349e-02
  2.62033176395992e-02  2.75077453482391e-02  2.88767358357155e-02
  3.03134560760647e-02  3.18212262025012e-02  3.34035267461924e-02
  3.50640062043816e-02  3.68064889515027e-02  3.86349835080531e-02
  4.05536911817906e-02  4.25670150974596e-02  4.46795696301439e-02
  4.68961902600693e-02  4.92219438648464e-02  5.16621394679338e-02
  5.42223394609819e-02  5.69083713194305e-02  5.97263398305927e-02
  6.26826398547869e-02  6.57839696396313e-02  6.90373447098606e-02
  7.24501123532102e-02  7.60299667267575e-02  7.97849646050213e-02
  8.37235417952324e-02  8.78545302429846e-02  9.21871758539396e-02
  9.67311570565347e-02  1.01496604132471e-01  1.06494119340392e-01
  1.11734797861571e-01  1.17230249592558e-01  1.22992621815923e-01
  1.29034622774022e-01  1.35369546177308e-01  1.42011296673988e-01
  1.48974416311401e-01  1.56274112017334e-01  1.63926284131835e-01
  1.71947556016665e-01  1.80355304774642e-01  1.89167693103075e-01
  1.98403702315519e-01  2.08083166553689e-01  2.18226808222018e-01
  2.28856274667525e-01  2.39994176132731e-01  2.51664125004033e-01
  2.63890776380668e-01  2.76699869981656e-01  2.90118273415706e-01
  3.04174026822765e-01  3.18896388912306e-01  3.34315884399065e-01
  3.50464352854365e-01  3.67374998971295e-01  3.85082444249136e-01
  4.03622780090556e-01  4.23033622307851e-01  4.43354167018020e-01
  4.64625247917963e-01  4.86889394898889e-01  5.10190893986396e-01
  5.34575848545682e-01  5.60092241720369e-01  5.86790000034557e-01
  6.14721058097915e-01  6.43939424329113e-01  6.74501247615175e-01
  7.06464884791272e-01  7.39890968843677e-01  7.74842477676913e-01
  8.11384803333251e-01  8.49585821464137e-01  8.89515960903293e-01
  9.31248273117726e-01  9.74858501328816e-01  1.02042514904863e+00
  1.06802954777839e+00  1.11775592355391e+00  1.16969146205382e+00
  1.22392637187302e+00  1.28055394564793e+00  1.33967061855844e+00
  1.40137602382246e+00  1.46577304466505e+00  1.53296786227463e+00
  1.60306999917414e+00  1.67619235744097e+00  1.75245125109979e+00
  1.83196643207263e+00  1.91486110887064e+00  2.00126195737014e+00
  2.09129912273177e+00  2.18510621169387e+00  2.28282027424205e+00
  2.38458177372303e+00  2.49053454433397e+00  2.60082573494603e+00
  2.71560573804246e+00  2.83502810268192e+00  2.95924943006449e+00
  3.08842925058732e+00  3.22272988080268e+00  3.36231625903204e+00
  3.50735575801978e+00  3.65801797317714e+00  3.81447448475375e+00
  3.97689859240708e+00  4.14546502034201e+00  4.32034959152152e+00
  4.50172886891960e+00  4.68977976238814e+00  4.88467909900052e+00
  5.08660315538863e+00  5.29572715002089e+00  5.51222469391583e+00
  5.73626719766754e+00  5.96802323359921e+00  6.20765785077632e+00
  6.45533184191451e+00  6.71120096022422e+00  6.97541508519114e+00
  7.24811733576222e+00  7.52944313034724e+00  7.81951919209773e+00
  8.11846249984316e+00  8.42637918314038e+00  8.74336336258923e+00
  9.06949593470465e+00  9.40484330270465e+00  9.74945605385243e+00
  1.01033675852715e+01  1.04665926798026e+01  1.08391260352293e+01
  1.12209407491182e+01  1.16119867644476e+01  1.20121892791057e+01
  1.24214471261840e+01  1.28396311299003e+01  1.32665824453503e+01
  1.37021108889659e+01  1.41459932701710e+01  1.45979717320878e+01
  1.50577521152650e+01  1.55250023533115e+01  1.59993509171025e+01
  1.64803853193413e+01  1.69676506973135e+01  1.74606484893697e+01
  1.79588352245976e+01  1.84616214437371e+01  1.89683707737427e+01
  1.94783991754979e+01  1.99909743907692e+01  2.05053156078766e+01
  2.10205933764850e+01  2.15359297913444e+01  2.20503989764042e+01
  2.25630278921117e+01  2.30727974964703e+01  2.35786442827240e+01
  2.40794622266798e+01  2.45741051617536e+01  2.50613896170892e+01
  2.55400981332763e+01  2.60089830864936e+01  2.64667710355480e+01
  2.69121676150577e+01  2.73438629834007e+01  2.77605378458490e+01
  2.81608700478882e+01  2.85435417553424e+01  2.89072472044189e+01
  2.92507010241085e+01  2.95726471070117e+01  2.98718680125743e+01
  3.01471948639926e+01  3.03975177106409e+01  3.06217962934630e+01
  3.08190711716836e+01  3.09884751279186e+01  3.11292447857553e+01
  3.12407323424146e+01  3.13224173244060e+01  3.13739182474803e+01
  3.13950040714621e+01  3.13856053047152e+01  3.13458246323181e+01
  3.12759469041128e+01  3.11764483351187e+01  3.10480047426088e+01
  3.08914986612971e+01  3.07080251429069e+01  3.04988960863654e+01
  3.02656428938831e+01  3.00100173030970e+01  2.97339902046712e+01
  2.94397482977124e+01  2.91296884190613e+01  2.88064094247826e+01
  2.84727014840300e+01  2.81315327135486e+01  2.77860330513960e+01
  2.74394753522135e+01  2.70952536709352e+01  2.67568587729113e+01
  2.64278509199440e+01  2.61118300498509e+01  2.58124034771715e+01
  2.55331513299806e+01  2.52775899412678e+01  2.50491334992853e+01
  2.48510542813101e+01  2.46864418599577e+01  2.45581617074556e+01
  2.44688136677791e+01  2.44206908125767e+01  2.44157392205087e+01
  2.44555192598399e+01  2.45411689736734e+01  2.46733701805033e+01
  2.48523179179605e+01  2.50776938501793e+01  2.53486442533397e+01
  2.56637631705149e+01  2.60210813001564e+01  2.64180611281071e+01
  2.68515987816962e+01  2.73180329859661e+01  2.78131614635799e+01
  2.83322649961227e+01  2.88701392953120e+01  2.94211347077340e+01
  2.99792036710322e+01  3.05379557127836e+01  3.10907196621210e+01
  3.16306126060175e+01  3.21506150014791e+01  3.26436512122808e+01
  3.31026746244152e+01  3.35207563627925e+01  3.38911765225349e+01
  3.42075167259736e+01  3.44637527220664e+01  3.46543456707499e+01
  3.47743307037144e+01  3.48194012954831e+01  3.47859879903621e+01
  3.46713300026121e+01  3.44735382691549e+01  3.41916485665796e+01
  3.38256634017945e+01  3.33765814876718e+01  3.28464137615960e+01
  3.22381850578959e+01  3.15559207579832e+01  3.08046179333317e+01
  2.99902007699887e+01  2.91194602982380e+01  2.81999787556970e+01
  2.72400391939651e+01  2.62485212544843e+01  2.52347843387579e+01
  2.42085397193155e+01  2.31797134114507e+01  2.21583019317254e+01
  2.11542232878877e+01  2.01771657838656e+01  1.92364373739287e+01
  1.83408184177571e+01  1.74984207409174e+01  1.67165558783378e+01
  1.60016152909798e+01  1.53589651746833e+01  1.47928582314042e+01
  1.43063644694763e+01  1.39013227078179e+01  1.35783140408340e+01
  1.33366580481103e+01  1.31744320351692e+01  1.30885130910659e+01
  1.30746422403822e+01  1.31275094764524e+01  1.32408579927025e+01
  1.34076054897942e+01  1.36199800375157e+01  1.38696676211658e+01
  1.41479682107319e+01  1.44459569737747e+01  1.47546471129483e+01
  1.50651507642804e+01  1.53688344415675e+01  1.56574656645735e+01
  1.59233476591409e+01  1.61594393606062e+01  1.63594583781007e+01
  1.65179650702143e+01  1.66304264247994e+01  1.66932590074927e+01
  1.67038508209245e+01  1.66605624841559e+01  1.65627086686064e+01
  1.64105212100189e+01  1.62050957237193e+01  1.59483238872579e+01
  1.56428138001707e+01  1.52918009914797e+01  1.48990527152387e+01
  1.44687681637157e+01  1.40054771351176e+01  1.35139395403571e+01
  1.29990479173675e+01  1.24657348686504e+01  1.19188870511283e+01
  1.13632670411366e+01  1.08034440888911e+01  1.02437344659571e+01
  9.68815181578392e+00  9.14036764066149e+00  8.60368180770372e+00
  8.08100273634284e+00  7.57483673964044e+00  7.08728583804443e+00
  6.62005323726922e+00  6.17445558077652e+00  5.75144101813010e+00
  5.35161211060516e+00  4.97525258596141e+00  4.62235697738739e+00
  4.29266222183810e+00  3.98568035116317e+00  3.70073148178769e+00
  3.43697639212109e+00  3.19344806794089e+00  2.96908169214403e+00
  2.76274265327297e+00  2.57325224449958e+00  2.39941081917956e+00
  2.24001825752217e+00  2.09389168149945e+00  1.95988042730966e+00
  1.83687834879168e+00  1.72383357806558e+00  1.61975591164622e+00
  1.52372202258614e+00  1.43487872037422e+00  1.35244449275801e+00
  1.27570956767786e+00  1.20403472985098e+00  1.13684911756612e+00
  1.07364721087996e+00  1.01398520506442e+00  9.57476943099415e-01
  9.03789559951698e-01  8.52638969668480e-01  8.03785305297162e-01
  7.57028401417813e-01  7.12203390536580e-01  6.69176467724612e-01
  6.27840863352938e-01  5.88113051004166e-01  5.49929207541125e-01
  5.13241933725107e-01  4.78017237669555e-01  4.44231778502321e-01
  4.11870364596181e-01  3.80923698715447e-01  3.51386361341863e-01
  3.23255023345442e-01  2.96526879072476e-01  2.71198291598088e-01
  2.47263642162029e-01  2.24714376362780e-01  2.03538239695765e-01
  1.83718695124257e-01  1.65234514792898e-01  1.48059537391573e-01
  1.32162581579360e-01  1.17507504706289e-01  1.04053394577336e-01
  9.17548806377146e-02  8.05625494321937e-02  7.04234479635612e-02
  6.12816574886714e-02  5.30789195758531e-02  4.57552958949282e-02
  3.92498433386585e-02  3.35012866346882e-02  2.84486716743159e-02
  2.40319842684500e-02  2.01927209479627e-02  1.68744006410050e-02
  1.40230085326904e-02  1.15873660170394e-02  9.51942330298981e-03
  7.77447381733969e-03  6.31129197139776e-03  5.09219802787374e-03
  4.08305566070140e-03  3.25320928153915e-03  2.57536929209027e-03
  2.02545409479643e-03  1.58239797315972e-03  1.22793386446305e-03
  9.46359637373385e-04  7.24295811903839e-04  5.50441781608699e-04
  4.15336582870287e-04  3.11129168295429e-04  2.31362038120706e-04
  1.70771016927970e-04  1.25102973365794e-04  9.09523992489415e-05
  6.56170108355843e-05  4.69719194953843e-05  3.33614423240868e-05
  2.35072789007970e-05  1.64315571507980e-05  1.13931325259090e-05
  7.83549367918159e-06  5.34466564242540e-06  3.61559029700226e-06
  2.42558839655708e-06  1.61365203205920e-06  1.06447089670347e-06
  6.96249872188579e-07  4.51522771255251e-07  2.90303210691103e-07
  1.85035002288179e-07  1.16910846975184e-07  7.32182073899012e-08
  4.54470517520639e-08  2.79554447276926e-08  1.70390377219394e-08
  1.02890480649242e-08  6.15433299300551e-09  3.64562507301440e-09
  2.13821373017344e-09  1.24135264868539e-09  7.13168256858409e-10
  4.05298149953173e-10  2.27779858129277e-10  1.26537389732912e-10
  6.94565746843302e-11  3.76552474954942e-11  2.01538797753764e-11
  1.06439843816615e-11  5.54429363958009e-12  2.84683570404551e-12
  1.44020792986035e-12  7.17468400294874e-13  3.51770819208146e-13
  1.69651420267666e-13  8.04369624601570e-14  3.74725566182413e-14
  1.71428189357966e-14  7.69689455552002e-15  3.38972552200283e-15
  1.46345264712127e-15  6.19018164406658e-16  2.56380048276099e-16
  1.03911945279992e-16  4.11876207579033e-17  1.59575294359744e-17
  6.04209555403446e-18  2.23338920219010e-18  8.05430331413108e-19
  2.83218584410017e-19  9.70587695546930e-20  3.24124052489290e-20
  1.05586806139391e-20  3.34912816882002e-21  1.03190535140100e-21
  3.08611529423869e-22  8.95198261256722e-23  2.51665588351187e-23
  6.85141856563804e-24  1.80482578374620e-24
  2.48760274337600e-24  2.83795082692659e-24  3.23762551541908e-24
  3.69356899276586e-24  4.21370005624060e-24  4.80705142955849e-24
  5.48392637007482e-24  6.25607727902905e-24  7.13690940376339e-24
  8.14171315397099e-24  9.28792904820429e-24  1.05954498696068e-23
  1.20869652521044e-23  1.37883546499359e-23  1.57291354778082e-23
  1.79429741599523e-23  2.04682689105363e-23  2.33488143037441e-23
  2.66345591004701e-23  3.03824704044187e-23  3.46575190504678e-23
  3.95338032144251e-23  4.50958296108032e-23  5.14399743552124e-23
  5.86761486563294e-23  6.69296980223323e-23  7.63435676776329e-23
  8.70807714574213e-23  9.93272066560991e-23  1.13294863242175e-22
  1.29225482615712e-22  1.47394728791722e-22  1.68116943674399e-22
  1.91750568092384e-22  2.18704321664961e-22  2.49444247555326e-22
  2.84501742964066e-22  3.24482713068726e-22  3.70078005317688e-22
  4.22075302855918e-22  4.81372680773282e-22  5.48994057240902e-22
  6.26106803919651e-22  7.14041816830993e-22  8.14316390800446e-22
  9.28660288316917e-22  1.05904544801459e-21  1.20771983987812e-21
  1.37724604475453e-21  1.57054521599881e-21  1.79094717244273e-21
  2.04224747588267e-21  2.32877246469210e-21  2.65545334993575e-21
  3.02791063378942e-21  3.45255028467539e-21  3.93667330226454e-21
  4.48860053166313e-21  5.11781484347803e-21  5.83512308932704e-21
  6.65284057558776e-21  7.58500117733832e-21  8.64759664574563e-21
  9.85884915288821e-21  1.12395216761163e-20  1.28132714589518e-20
  1.46070525075738e-20  1.66515739031046e-20  1.89818216436999e-20
  2.16376527922616e-20  2.46644719127797e-20  2.81140011508648e-20
  3.20451568741471e-20  3.65250475617828e-20  4.16301096479190e-20
  4.74474003147915e-20  5.40760688342663e-20  6.16290310145814e-20
  7.02348746695031e-20  8.00400278450586e-20  9.12112258754421e-20
  1.03938318265458e-19  1.18437461990622e-19  1.34954754158344e-19
  1.53770364185795e-19  1.75203233838892e-19  1.99616422771325e-19
  2.27423187753525e-19  2.59093895754684e-19  2.95163884628344e-19
  3.36242400568332e-19  3.83022758991569e-19  4.36293895342704e-19
  4.96953494817115e-19  5.66022915514450e-19  6.44664148468574e-19
  7.34199090800075e-19  8.36131445419900e-19  9.52171602854097e-19
  1.08426490851528e-18  1.23462377285539e-18  1.40576414313473e-18
  1.60054692497460e-18  1.82222502049681e-18  2.07449673889479e-18
  2.36156643608854e-18  2.68821335422798e-18  3.05986976095680e-18
  3.48270963448887e-18  3.96374930589138e-18  4.51096165699416e-18
  5.13340568387646e-18  5.84137347505366e-18  6.64655692391611e-18
  7.56223680060702e-18  8.60349715397350e-18  9.78746840451263e-18
  1.11336029301599e-17  1.26639874447462e-17  1.44036970313186e-17
  1.63811963273728e-17  1.86287940757099e-17  2.11831580633201e-17
  2.40858983832301e-17  2.73842279834456e-17  3.11317106281170e-17
  3.53891077047334e-17  4.02253367868380e-17  4.57185565245283e-17
  5.19573943088360e-17  5.90423352667908e-17  6.70872935214099e-17
  7.62213893273618e-17  8.65909587068793e-17  9.83618256011964e-17
  1.11721870369468e-16  1.26883932758974e-16  1.44089092298561e-16
  1.63610374494759e-16  1.85756937312098e-16  2.10878799274847e-16
  2.39372178233193e-16  2.71685518487580e-16  3.08326293684992e-16
  3.49868683808186e-16  3.96962236824828e-16  4.50341639303131e-16
  5.10837735713556e-16  5.79389953425895e-16  6.57060309788507e-16
  7.45049199415303e-16  8.44713184141335e-16  9.57585035407589e-16
  1.08539630937971e-15  1.23010276933756e-15  1.39391300817969e-15
  1.57932066677583e-15  1.78914069187514e-15  2.02655013098437e-15
  2.29513402163325e-15  2.59893699963467e-15  2.94252132594201e-15
  3.33103211564084e-15  3.77027064630241e-15  4.26677672766000e-15
  4.82792123146741e-15  5.46201001105445e-15  6.17840058572805e-15
  6.98763312802922e-15  7.90157747322072e-15  8.93359807303955e-15
  1.00987390415761e-14  1.14139316930460e-14  1.28982272521451e-14
  1.45730577305598e-14  1.64625283125218e-14  1.85937449803622e-14
  2.09971815451521e-14  2.37070907288445e-14  2.67619644826030e-14
  3.02050493236081e-14  3.40849231390783e-14  3.84561406472417e-14
  4.33799555307967e-14  4.89251281756569e-14  5.51688289705025e-14
  6.21976482582047e-14  7.01087252955897e-14  7.90110099821927e-14
  8.90266726857235e-14  1.00292679225938e-13  1.12962550017308e-13
  1.27208324515369e-13  1.43222754504024e-13  1.61221752414969e-13
  1.81447123823864e-13  2.04169616545247e-13  2.29692322399805e-13
  2.58354471769372e-13  2.90535665569585e-13  3.26660594258529e-13
  3.67204299070240e-13  4.12698036828641e-13  4.63735816566317e-13
  5.20981683786525e-13  5.85177836696337e-13  6.57153668120866e-13
  7.37835837304031e-13  8.28259487383323e-13  9.29580737266956e-13
  1.04309059097427e-12  1.17023042344729e-12  1.31260921957178e-12
  1.47202276281065e-12  1.65047499181224e-12  1.85020176757098e-12
  2.07369732094022e-12  2.32374368019303e-12  2.60344341193651e-12
  2.91625604578331e-12  3.26603859462160e-12  3.65709062830619e-12
  4.09420440990384e-12  4.58272066049695e-12  5.12859058214580e-12
  5.73844483911246e-12  6.41967027624765e-12  7.18049524079894e-12
  8.03008447199947e-12  8.97864463071157e-12  1.00375416637435e-11
  1.12194313314236e-11  1.25384043787269e-11  1.40101479977966e-11
  1.56521254176079e-11  1.74837756658812e-11  1.95267357823409e-11
  2.18050880235311e-11  2.43456348917741e-11  2.71782051461955e-11
  3.03359943209324e-11  3.38559436802904e-11  3.77791620025289e-11
  4.21513950904772e-11  4.70235484846615e-11  5.24522694943473e-11
  5.85005953831771e-11  6.52386753536445e-11  7.27445748811663e-11
  8.11051719665042e-11  9.04171560182705e-11  1.00788141362767e-10
  1.12337908822006e-10  1.25199790428781e-10  1.39522214171947e-10
  1.55470427733896e-10  1.73228422492391e-10  1.93001081687791e-10
  2.15016579598794e-10  2.39529061907016e-10  2.66821641190098e-10
  2.97209745731301e-10  3.31044864640641e-10  3.68718737706740e-10
  4.10668044558378e-10  4.57379654653099e-10  5.09396507515746e-10
  5.67324201557908e-10  6.31838379953950e-10  7.03693013527898e-10
  7.83729693644923e-10  8.72888062907299e-10  9.72217528269265e-10
  1.08289042030431e-09  1.20621678408360e-09  1.34366101185064e-09
  1.49686055581485e-09  1.66764699140544e-09  1.85806973780378e-09
  2.07042278417780e-09  2.30727481730916e-09  2.57150320047482e-09
  2.86633231486940e-09  3.19537684529193e-09  3.56269067195235e-09
  3.97282212183878e-09  4.43087643769675e-09  4.94258644202079e-09
  5.51439251021463e-09  6.15353312230349e-09  6.86814744207024e-09
  7.66739157470397e-09  8.56157038847064e-09  9.56228705146894e-09
  1.06826127396049e-08  1.19372793203030e-08  1.33428982161068e-08
  1.49182091069420e-08  1.66843626540449e-08  1.86652420242375e-08
  2.08878286774318e-08  2.33826186626864e-08  2.61840965654916e-08
  2.93312752650856e-08  3.28683108500934e-08  3.68452033582255e-08
  4.13185955661774e-08  4.63526837916313e-08  5.20202566921403e-08
  5.84038803328928e-08  6.55972504384379e-08  7.37067357327755e-08
  8.28531397283440e-08  9.31737122250068e-08  1.04824446337830e-07
  1.17982701884480e-07  1.32850202005698e-07  1.49656456394080e-07
  1.68662672335756e-07  1.90166223394049e-07  2.14505755566072e-07
  2.42067022184781e-07  2.73289551683353e-07  3.08674267331783e-07
  3.48792194725574e-07  3.94294412251551e-07  4.45923421427277e-07
  5.04526139267567e-07  5.71068742809086e-07  6.46653628755734e-07
  7.32538787316650e-07  8.30159931830370e-07  9.41155772322242e-07
  1.06739687597727e-06  1.21101861777598e-06  1.37445879469265e-06
  1.56050055460157e-06  1.77232138154389e-06  2.01354897775208e-06
  2.28832499983709e-06  2.60137773260451e-06  2.95810493277039e-06
  3.36466823718399e-06  3.82810071844203e-06  4.35642937812540e-06
  4.95881460651612e-06  5.64570890291740e-06  6.42903744723439e-06
  7.32240345748550e-06  8.34132163434005e-06  9.50348342978748e-06
  1.08290583415758e-05  1.23410359753211e-05  1.40656142013794e-05
  1.60326394132555e-05  1.82761056122847e-05  2.08347199031853e-05
  2.37525428623930e-05  2.70797133131343e-05  3.08732681291384e-05
  3.51980689881521e-05  4.01278493623426e-05  4.57463966018554e-05
  5.21488856207994e-05  5.94433826600022e-05  6.77525395301440e-05
  7.72155011588036e-05  8.79900516028418e-05  1.00255026506166e-04
  1.14213022880011e-04  1.30093440354867e-04  1.48155891506115e-04
  1.68694022673650e-04  1.92039790879163e-04  2.18568246567507e-04
  2.48702877190889e-04  2.82921570999269e-04  3.21763266550365e-04
  3.65835358642935e-04  4.15821937719030e-04  4.72492946290063e-04
  5.36714342099562e-04  6.09459365697700e-04  6.91821016001323e-04
  7.85025846160947e-04  8.90449198484799e-04  1.00963200538527e-03
  1.14429929053213e-03  1.29638051192510e-03  1.46803189533266e-03
  1.66166091384516e-03  1.87995307380484e-03  2.12590117461828e-03
  2.40283721137182e-03  2.71446709404848e-03  3.06490835620993e-03
  3.45873102677467e-03  3.90100183103871e-03  4.39733188805731e-03
  4.95392805040387e-03  5.57764803213853e-03  6.27605944044217e-03
  7.05750281267887e-03  7.93115872720119e-03  8.90711902639400e-03
  9.99646214320153e-03  1.12113324847630e-02  1.25650237591918e-02
  1.40720660799938e-02  1.57483165987618e-02  1.76110533454797e-02
  1.96790718502293e-02  2.19727840433431e-02  2.45143187744875e-02
  2.73276232285062e-02  3.04385643151766e-02  3.38750290215615e-02
  3.76670225221724e-02  4.18467626935488e-02  4.64487694968076e-02
  5.15099475079372e-02  5.70696596982645e-02  6.31697903219822e-02
  6.98547946520662e-02  7.71717329951565e-02  8.51702863189310e-02
  9.39027505651189e-02  1.03424006548792e-01  1.13791462225968e-01
  1.25064963865231e-01  1.37306672708022e-01  1.50580903373197e-01
  1.64953920576028e-01  1.80493690346716e-01  1.97269582427538e-01
  2.15352020357269e-01  2.34812076242139e-01  2.55721007435437e-01
  2.78149732846394e-01  3.02168247264247e-01  3.27844972582699e-01
  3.55246045983802e-01  3.84434545773030e-01  4.15469656934620e-01
  4.48405779622088e-01  4.83291585089250e-01  5.20169025127937e-01
  5.59072302536897e-01  6.00026811499339e-01  6.43048058659203e-01
  6.88140576509284e-01  7.35296842621966e-01  7.84496218910097e-01
  8.35703926272360e-01  8.88870070642727e-01  9.43928736924185e-01
  1.00079716754164e+00  1.05937504281763e+00  1.11954388028395e+00
  1.18116657081981e+00  1.24408706989339e+00  1.30813026331163e+00
  1.37310202808229e+00  1.43878951012519e+00  1.50496164153742e+00
  1.57136991989270e+00  1.63774947067756e+00  1.70382041042323e+00
  1.76928952250812e+00  1.83385225011983e+00  1.89719500119047e+00
  1.95899774995830e+00  2.01893690845675e+00  2.07668843080398e+00
  2.13193110263220e+00  2.18434996025245e+00  2.23363977583746e+00
  2.27950854151921e+00  2.32168088110473e+00  2.35990131859948e+00
  2.39393733456817e+00  2.42358214492394e+00  2.44865714402382e+00
  2.46901396127275e+00  2.48453609080373e+00  2.49514006449914e+00
  2.50077615040118e+00  2.50142857064646e+00  2.49711524496345e+00
  2.48788707709189e+00  2.47382681188664e+00  2.45504750048464e+00
  2.43169061664134e+00  2.40392387672165e+00  2.37193881485011e+00
  2.33594817194170e+00  2.29618315337410e+00  2.25289061139117e+00
  2.20633020426232e+00  2.15677158025545e+00  2.10449162983927e+00
  2.04977184322729e+00  1.99289580471772e+00  1.93414684863353e+00
  1.87380589570132e+00  1.81214948269152e+00  1.74944799269336e+00
  1.68596408869195e+00  1.62195134881501e+00  1.55765309810922e+00
  1.49330142919557e+00  1.42911640169794e+00  1.36530540931377e+00
  1.30206270211510e+00  1.23956905156403e+00  1.17799154541628e+00
  1.11748350014633e+00  1.05818447879133e+00  1.00022040284447e+00
  9.43703747366569e-01  8.88733809283157e-01  8.35397039446673e-01
  7.83767429828468e-01  7.33906947786869e-01  6.85866010100041e-01
  6.39683990040961e-01  5.95389751393152e-01  5.53002203707653e-01
  5.12530874111047e-01  4.73976490558354e-01  4.37331572876670e-01
  4.02581027274346e-01  3.69702740997341e-01  3.38668173651780e-01
  3.09442942036538e-01  2.81987395596515e-01  2.56257179721027e-01
  2.32203784445440e-01  2.09775076348988e-01  1.88915811724575e-01
  1.69568129408681e-01  1.51672021985279e-01  1.35165784359393e-01
  1.19986438961963e-01  1.06070137167096e-01  9.33525366490536e-02
  8.17691546769752e-02  7.12556975045195e-02  6.17483660583089e-02
  5.31841383866822e-02  4.55010292344935e-02  3.86383273016862e-02
  3.25368106831100e-02  2.71389410272727e-02  2.23890369496064e-02
  1.82334272084330e-02  1.46205840986365e-02  1.15012375434252e-02
  8.82847026817295e-03  6.55779445538384e-03  4.64721022515305e-03
  3.05724630316990e-03  1.75098322822778e-03  6.94059469314598e-04
 -1.45339091464591e-04 -7.96505849913733e-04 -1.28625571695375e-03
 -1.63898222761612e-03 -1.87672867762114e-03 -2.01927230648742e-03
 -2.08422040883776e-03 -2.08711708823730e-03 -2.04155923005192e-03
 -1.95932013514922e-03 -1.85047914911793e-03 -1.72355553926561e-03
 -1.58564482488626e-03 -1.44255575995793e-03 -1.29894620030033e-03
 -1.15845616370245e-03 -1.02383650935698e-03 -8.97071816682074e-04
 -7.79496231835369e-04 -6.71901262931431e-04 -5.74634735865054e-04
 -4.87690363148984e-04 -4.10787618796473e-04 -3.43441845189086e-04
 -2.85024734616926e-04 -2.34815522548762e-04 -1.92043395929976e-04
 -1.55921754588912e-04 -1.25675064852296e-04 -1.00559111690848e-04
 -7.98754901588443e-05 -6.29811813452735e-05 -4.92940360367479e-05
 -3.82949453315596e-05 -2.95274163111945e-05 -2.25951975777818e-05
 -1.71585187372970e-05 -1.29294241569266e-05 -9.66659834551260e-06
 -7.17000111984903e-06 -5.27555787413669e-06 -3.85008511577883e-06
 -2.78657519663243e-06 -1.99991702474696e-06 -1.42309126872525e-06
 -1.00384895855026e-06 -7.01860096683002e-07 -4.86303519233284e-07
 -3.33859269487854e-07 -2.27059372204283e-07 -1.52951055634042e-07
 -1.02027180968151e-07 -6.73812684315131e-08 -4.40481829005795e-08
 -2.84960175936486e-08 -1.82391843316500e-08 -1.15474432492627e-08
 -7.22960965364639e-09 -4.47485602819734e-09 -2.73752626642199e-09
 -1.65475673563167e-09 -9.88031155786281e-10 -5.82577183236586e-10
 -3.39093910339535e-10 -1.94786676441076e-10 -1.10381851279758e-10
 -6.16871617451135e-11 -3.39871787915918e-11 -1.84545883067404e-11
 -9.87188986516062e-12 -5.20039454279351e-12 -2.69675312418598e-12
 -1.37606599215485e-12 -6.90637446847877e-13 -3.40791392122898e-13
 -1.65258853137684e-13 -7.87197313832379e-14 -3.68167351548884e-14
 -1.68983641101644e-14 -7.60801492480712e-15 -3.35822442206428e-15
 -1.45257599265529e-15 -6.15362053697068e-16 -2.55184411584143e-16
 -1.03532108450250e-16 -4.10704001220772e-17 -1.59224137542398e-17
 -6.03189177755068e-18 -2.23051545845807e-18 -8.04646507768285e-19
 -2.83011704110630e-19 -9.70059750585683e-20 -3.23993898940008e-20
 -1.05555836157468e-20 -3.34841752245597e-21 -1.03174824496420e-21
 -3.08578098194159e-22 -8.95129853026439e-23 -2.51652141176444e-23
 -6.85116489010492e-24 -1.80477990643842e-24
 (i6, f12.0, f18.0, f8.3, i6)
   624  60.0000000  0.02500000000000  13.000     1
 (3e22.14)
  2.02767785121368e-06  2.13114401169552e-06  2.23988934643398e-06
  2.35418318585152e-06  2.47430859861984e-06  2.60056309225257e-06
  2.73325934941115e-06  2.87272600174342e-06  3.01930844316691e-06
  3.17336968460609e-06  3.33529125229580e-06  3.50547413186839e-06
  3.68433976055897e-06  3.87233106997597e-06  4.06991358201745e-06
  4.27757656063144e-06  4.49583422227691e-06  4.72522700805565e-06
  4.96632292067868e-06  5.21971892954389e-06  5.48604244741317e-06
  5.76595288231953e-06  6.06014326854265e-06  6.36934198067100e-06
  6.69431453498787e-06  7.03586548261255e-06  7.39484039908637e-06
  7.77212797528206e-06  8.16866221482952e-06  8.58542474343829e-06
  9.02344723584348e-06  9.48381396633479e-06  9.96766448916998e-06
  1.04761964554680e-05  1.10106685735378e-05  1.15724037199139e-05
  1.21627922087958e-05  1.27832952279046e-05  1.34354484492584e-05
  1.41208658237252e-05  1.48412435687199e-05  1.55983643588389e-05
  1.63941017297787e-05  1.72304247063234e-05  1.81094026658641e-05
  1.90332104493193e-05  2.00041337321225e-05  2.10245746684035e-05
  2.20970578222962e-05  2.32242364009164e-05  2.44088988043544e-05
  2.56539755087407e-05  2.69625462993461e-05  2.83378478713981e-05
  2.97832818173942e-05  3.13024230203694e-05  3.28990284738731e-05
  3.45770465501606e-05  3.63406267394289e-05  3.81941298839216e-05
  4.01421389320379e-05  4.21894702387438e-05  4.43411854400691e-05
  4.66026039306431e-05  4.89793159749886e-05  5.14771964845066e-05
  5.41024194940063e-05  5.68614733730960e-05  5.97611768097339e-05
  6.28086956048813e-05  6.60115603195255e-05  6.93776848168706e-05
  7.29153857453747e-05  7.66334030098018e-05  8.05409212805844e-05
  8.46475925937361e-05  8.89635600965701e-05  9.34994829970001e-05
  9.82665627773497e-05  1.03276570736304e-04  1.08541876926375e-04
  1.14075480556833e-04  1.19891041936632e-04  1.26002916034370e-04
  1.32426187737365e-04  1.39176708895096e-04  1.46271137237153e-04
  1.53726977259952e-04  1.61562623181580e-04  1.69797404068488e-04
  1.78451631243882e-04  1.87546648091890e-04  1.97104882378674e-04
  2.07149901216397e-04  2.17706468803290e-04  2.28800607078811e-04
  2.40459659440827e-04  2.52712357677552e-04  2.65588892276815e-04
  2.79120986280341e-04  2.93341972862372e-04  3.08286876817764e-04
  3.23992500156265e-04  3.40497512007852e-04  3.57842543055174e-04
  3.76070284718830e-04  3.95225593333843e-04  4.15355599565229e-04
  4.36509823325743e-04  4.58740294468577e-04  4.82101679544216e-04
  5.06651414922523e-04  5.32449846597883e-04  5.59560377008499e-04
  5.88049619220792e-04  6.17987558841581e-04  6.49447724045685e-04
  6.82507364117520e-04  7.17247636932145e-04  7.53753805816237e-04
  7.92115446254692e-04  8.32426662928730e-04  8.74786317597416e-04
  9.19298268355802e-04  9.66071620834256e-04  1.01522099192262e-03
  1.06686678664211e-03  1.12113548880521e-03  1.17815996614685e-03
  1.23807979063313e-03  1.30104157469477e-03  1.36719932416315e-03
  1.43671480872927e-03  1.50975795077781e-03  1.58650723349949e-03
  1.66715012921467e-03  1.75188354889982e-03  1.84091431394233e-03
  1.93445965120805e-03  2.03274771254822e-03  2.13601811993640e-03
  2.24452253746502e-03  2.35852527151397e-03  2.47830390043221e-03
  2.60414993517197e-03  2.73636951234880e-03  2.87528412129465e-03
  3.02123136672672e-03  3.17456576874089e-03  3.33565960190578e-03
  3.50490377533151e-03  3.68270875564676e-03  3.86950553494466e-03
  4.06574664579907e-03  4.27190722560812e-03  4.48848613256558e-03
  4.71600711571018e-03  4.95502004158081e-03  5.20610218013972e-03
  5.46985955272173e-03  5.74692834492156e-03  6.03797638741066e-03
  6.34370470786956e-03  6.66484915728929e-03  7.00218211410151e-03
  7.35651426969390e-03  7.72869649906290e-03  8.11962182046327e-03
  8.53022744815829e-03  8.96149694242320e-03  9.41446246129152e-03
  9.89020711853733e-03  1.03898674527407e-02  1.09146360123502e-02
  1.14657640619428e-02  1.20445644150310e-02  1.26524143990395e-02
  1.32907589582097e-02  1.39611139005484e-02  1.46650692949748e-02
  1.54042930253247e-02  1.61805345078112e-02  1.69956285790897e-02
  1.78514995620963e-02  1.87501655172554e-02  1.96937426868141e-02
  2.06844501404497e-02  2.17246146304087e-02  2.28166756649798e-02
  2.39631908090574e-02  2.51668412212215e-02  2.64304374367142e-02
  2.77569254062730e-02  2.91493928008495e-02  3.06110755928339e-02
  3.21453649242735e-02  3.37558142735431e-02  3.54461469313555e-02
  3.72202637982782e-02  3.90822515153177e-02  4.10363909401258e-02
  4.30871659812078e-02  4.52392728030986e-02  4.74976294154278e-02
  4.98673856595159e-02  5.23539336056471e-02  5.49629183754896e-02
  5.77002494028442e-02  6.05721121477940e-02  6.35849802778335e-02
  6.67456283309853e-02  7.00611448751070e-02  7.35389461782469e-02
  7.71867904042756e-02  8.10127923489228e-02  8.50254387297502e-02
  8.92336040456784e-02  9.36465670184232e-02  9.82740276313873e-02
  1.03126124777834e-01  1.08213454532357e-01  1.13547089057308e-01
  1.19138596156388e-01  1.25000059485567e-01  1.31144099432520e-01
  1.37583894671771e-01  1.44333204405473e-01  1.51406391294049e-01
  1.58818445083407e-01  1.66585006930554e-01  1.74722394430238e-01
  1.83247627339815e-01  1.92178454002380e-01  2.01533378457724e-01
  2.11331688238256e-01  2.21593482832253e-01  2.32339702804130e-01
  2.43592159549340e-01  2.55373565662861e-01  2.67707565892069e-01
  2.80618768643697e-01  2.94132778003631e-01  3.08276226231425e-01
  3.23076806671977e-01  3.38563307037926e-01  3.54765642988682e-01
  3.71714891943761e-01  3.89443327044241e-01  4.07984451177731e-01
  4.27373030965417e-01  4.47645130607074e-01  4.68838145457659e-01
  4.90990835215294e-01  5.14143356561370e-01  5.38337295116250e-01
  5.63615696518878e-01  5.90023096463202e-01  6.17605549477345e-01
  6.46410656236208e-01  6.76487589166187e-01  7.07887116097572e-01
  7.40661621678372e-01  7.74865126278722e-01  8.10553302041047e-01
  8.47783485780464e-01  8.86614688335540e-01  9.27107600023760e-01
  9.69324591769698e-01  1.01332971149053e+00  1.05918867526875e+00
  1.10696885284494e+00  1.15673924689208e+00  1.20857046557411e+00
  1.26253468776047e+00  1.31870562037786e+00  1.37715844719441e+00
  1.43796976845288e+00  1.50121753062266e+00  1.56698094559280e+00
  1.63534039854658e+00  1.70637734378842e+00  1.78017418768592e+00
  1.85681415799715e+00  1.93638115863894e+00  2.01895960919238e+00
  2.10463426813093e+00  2.19349003902555e+00  2.28561175875034e+00
  2.38108396685966e+00  2.47999065520608e+00  2.58241499698119e+00
  2.68843905422171e+00  2.79814346308205e+00  2.91160709585566e+00
  3.02890669922927e+00  3.15011650777797e+00  3.27530783226494e+00
  3.40454862197579e+00  3.53790300075090e+00  3.67543077605874e+00
  3.81718692118403e+00  3.96322102989949e+00  4.11357674407646e+00
  4.26829115398651e+00  4.42739417191533e+00  4.59090787937513e+00
  4.75884584900954e+00  4.93121244170143e+00  5.10800208088272e+00
  5.28919850476650e+00  5.47477399927993e+00  5.66468861320836e+00
  5.85888935870784e+00  6.05730939985761e+00  6.25986723295727e+00
  6.46646586214447e+00  6.67699197513985e+00  6.89131512329928e+00
  7.10928691226938e+00  7.33074020796423e+00  7.55548836551170e+00
  7.78332448710471e+00  8.01402071711987e+00  8.24732758189316e+00
  8.48297338378016e+00  8.72066365732979e+00  8.96008069931454e+00
  9.20088318057865e+00  9.44270585282339e+00  9.68515935962345e+00
  9.92783016479680e+00  1.01702806087358e+01  1.04120491066821e+01
  1.06526504988342e+01  1.08915765681459e+01  1.11282967343295e+01
  1.13622589402375e+01  1.15928907393609e+01  1.18196005982869e+01
  1.20417794234844e+01  1.22588023236189e+01  1.24700306152060e+01
  1.26748140810401e+01  1.28724934855629e+01  1.30624033548455e+01
  1.32438750195781e+01  1.34162399274454e+01  1.35788332158634e+01
  1.37309975475653e+01  1.38720871952960e+01  1.40014723690640e+01
  1.41185437688928e+01  1.42227173468402e+01  1.43134392544080e+01
  1.43901909518461e+01  1.44524944456363e+01  1.44999176241291e+01
  1.45320796460232e+01  1.45486563465531e+01  1.45493856038921e+01
  1.45340726232693e+01  1.45025950750247e+01  1.44549080321192e+01
  1.43910486397541e+01  1.43111404555697e+01  1.42153973850587e+01
  1.41041271506930e+01  1.39777342130933e+01  1.38367220820745e+01
  1.36816949392604e+01  1.35133585078290e+01  1.33325200992242e+01
  1.31400877790216e+01  1.29370685879494e+01  1.27245657764888e+01
  1.25037750000404e+01  1.22759794504354e+01  1.20425438934143e+01
  1.18049076052948e+01  1.15645762064731e+01  1.13231124116910e+01
  1.10821257203661e+01  1.08432611021122e+01  1.06081867287845e+01
  1.03785808415766e+01  1.01561178408291e+01  9.94245371449438e+00
  9.73921092968349e+00  9.54796293247433e+00  9.37021840891677e+00
  9.20740547727871e+00  9.06085599120459e+00  8.93179013778900e+00
  8.82130152785652e+00  8.73034297143974e+00  8.65971313828466e+00
  8.61004429704416e+00  8.58179132427338e+00  8.57522216366652e+00
  8.59040990838325e+00  8.62722666027209e+00  8.68533930890318e+00
  8.76420734832017e+00  8.86308283060473e+00  8.98101253064432e+00
  9.11684236825769e+00  9.26922410816402e+00  9.43662432731776e+00
  9.61733560817787e+00  9.80948988816442e+00  1.00110738599196e+01
  1.02199462924831e+01  1.04338571069586e+01  1.06504680199836e+01
  1.08673745339493e+01  1.10821290390065e+01  1.12922647620073e+01
  1.14953202903476e+01  1.16888643770505e+01  1.18705207332045e+01
  1.20379925014775e+01  1.21890861123474e+01  1.23217342226024e+01
  1.24340174508347e+01  1.25241846319046e+01  1.25906713377923e+01
  1.26321164236042e+01  1.26473763929653e+01  1.26355373968701e+01
  1.25959247130589e+01  1.25281095888163e+01  1.24319133580258e+01
  1.23074087831651e+01  1.21549186096786e+01  1.19750113484954e+01
  1.17684943499480e+01  1.15364042537820e+01  1.12799949434943e+01
  1.10007231575752e+01  1.07002319437956e+01  1.03803321633193e+01
  1.00429822844639e+01  9.69026671224205e+00  9.32437293326824e+00
  8.94756775400732e+00  8.56217293085653e+00  8.17054049218414e+00
  7.77502805472449e+00  7.37797443854854e+00  6.98167587723331e+00
  6.58836311334502e+00  6.20017965548342e+00  5.81916146225589e+00
  5.44721829083703e+00  5.08611693829826e+00  4.73746656451902e+00
  4.40270626877131e+00  4.08309505283811e+00  3.77970427231013e+00
  3.49341264069715e+00  3.22490381097486e+00  2.97466652001627e+00
  2.74299723761444e+00  2.53000522256571e+00  2.33561984447394e+00
  2.15959999202274e+00  2.00154535130691e+00  1.86090930580844e+00
  1.73701318320883e+00  1.62906155515369e+00  1.53615828541940e+00
  1.45732302068974e+00  1.39150782660597e+00  1.33761368952820e+00
  1.29450663032536e+00  1.26103320853647e+00  1.23603523072155e+00
  1.21836351335595e+00  1.20689058516994e+00  1.20052224532459e+00
  1.19820792024443e+00  1.19894978402624e+00  1.20181062471653e+00
  1.20592045290241e+00  1.21048186060938e+00  1.21477414860422e+00
  1.21815624952922e+00  1.22006848342543e+00  1.22003319132997e+00
  1.21765430183256e+00  1.21261589473185e+00  1.20467983473194e+00
  1.19368255665146e+00  1.17953109109601e+00  1.16219842611865e+00
  1.14171830555257e+00  1.11817956840060e+00  1.09172013573858e+00
  1.06252075194489e+00  1.03079858574849e+00  9.96800793548310e-01
  9.60798142881010e-01  9.23078787824555e-01  8.83942280770008e-01
  8.43693896476501e-01  8.02639334921497e-01  7.61079859285046e-01
  7.19307914784322e-01  6.77603263155274e-01  6.36229656577957e-01
  5.95432063954810e-01  5.55434452003702e-01  5.16438113532093e-01
  4.78620526000326e-01  4.42134714994337e-01  4.07109089659856e-01
  3.73647710835297e-01  3.41830947203987e-01  3.11716470986354e-01
  2.83340541707719e-01  2.56719525341800e-01  2.31851595786828e-01
  2.08718566716036e-01  1.87287803948128e-01  1.67514171664940e-01
  1.49341969777320e-01  1.32706824522203e-01  1.17537499609790e-01
  1.03757600834742e-01  9.12871528899829e-02  8.00440327534965e-02
  6.99452496258630e-02  6.09080664789719e-02  5.28509629424649e-02
  4.56944433002557e-02  3.93616967051844e-02  3.37791194055834e-02
  2.88767106712094e-02  2.45883553819143e-02  2.08520068349115e-02
  1.76097833832200e-02  1.48079921050515e-02  1.23970919232578e-02
  1.03316075529148e-02  8.57000445071106e-03  7.07453366374900e-03
  5.81105420276656e-03  4.74883936045287e-03  3.86037230012531e-03
  3.12113528425267e-03  2.50939610481343e-03  2.00599461849961e-03
  1.59413176496154e-03  1.25916303711615e-03  9.88398054135405e-04
  7.70907635750221e-04  5.97339567976536e-04  4.59744064762187e-04
  3.51409753609089e-04  2.66710835265545e-04  2.00965883916598e-04
  1.50308564752360e-04  1.11570353391890e-04  8.21751522599524e-05
  6.00455189697996e-05  4.35200583246733e-05  3.12813878848456e-05
  2.22939727459470e-05  1.57510394761942e-05  1.10297246991275e-05
  7.65358768378395e-06  5.26161798008239e-06  3.58289337167682e-06
  2.41608731558777e-06  1.61308271656264e-06  1.06601705241586e-06
  6.97156662214722e-07  4.51073645286648e-07  2.88671705097023e-07
  1.82678015679252e-07  1.14281434546502e-07  7.06563529823897e-08
  4.31606081060182e-08  2.60409375778249e-08  1.55140415143108e-08
  9.12342685614062e-09  5.29434562184113e-09  3.03074703201330e-09
  1.71084278999350e-09  9.52051431371324e-10  5.22052917682183e-10
  2.81994727795384e-10  1.49984078886434e-10  7.85170436667475e-11
  4.04426108106734e-11  2.04877571312408e-11  1.02034072201510e-11
  4.99347088845732e-12  2.40033865615194e-12  1.13280852808104e-12
  5.24627234897205e-13  2.38312374627268e-13  1.06127949886365e-13
  4.63106746712669e-14  1.97913096843921e-14  8.27903661382346e-15
  3.38815572553830e-15  1.35570775876954e-15  5.30106385316682e-16
  2.02493683393276e-16  7.54878279429324e-17  2.74388189456668e-17
  9.71018011613884e-18  3.33458399663676e-18  1.10141538612001e-18
  3.40358848277362e-19  1.08441401959099e-19  3.35643406538495e-20
  1.00848094210027e-20  2.93925625387126e-21  8.30333815828814e-22
  2.27180151558705e-22  6.01504125582051e-23  1.53991473790969e-23
